diamond 2 2010年9月12日5时0分FY2C云迹风(中层)
 2010  9 12  5  9999    1130
     1    39.41    50.22     0.00  1   432.00   -21.10  9999.00   279.00    17.00
     2    40.43    50.20     0.00  1   433.00   -21.45  9999.00   279.00    16.00
     3    41.55    50.17     0.00  1   450.00   -19.52  9999.00   296.00    17.00
     4    42.49    50.34     0.00  1   454.00   -19.52  9999.00   296.00    17.00
     5    43.55    50.40     0.00  1   477.00   -17.14  9999.00   297.00    16.00
     6    77.65    50.13     0.00  1   681.00    -8.66  9999.00   271.00    17.00
     7    78.62    50.19     0.00  1   660.00    -8.81  9999.00   271.00    17.00
     8    79.62    50.08     0.00  1   629.00    -9.57  9999.00   253.00    17.00
     9    80.81    50.15     0.00  1   611.00    -9.42  9999.00   271.00     8.00
    10    81.80    50.05     0.00  1   538.00   -13.97  9999.00   271.00     8.00
    11   108.98    50.20     0.00  1   642.00     0.53  9999.00   316.00     6.00
    12   109.97    50.17     0.00  1   651.00     1.34  9999.00   264.00    10.00
    13   110.96    50.15     0.00  1   689.00     4.67  9999.00   263.00     6.00
    14   120.17    50.15     0.00  1   655.00     1.21  9999.00   262.00     8.00
    15    36.62    49.16     0.00  1   446.00   -18.49  9999.00   255.00    12.00
    16    37.54    49.23     0.00  1   565.00    -6.86  9999.00   279.00    12.00
    17    38.59    49.20     0.00  1   486.00   -14.29  9999.00   279.00    11.00
    18    39.61    49.26     0.00  1   483.00   -14.78  9999.00   278.00    11.00
    19    40.45    49.34     0.00  1   474.00   -16.09  9999.00   295.00    17.00
    20    41.55    49.31     0.00  1   474.00   -16.26  9999.00   295.00    17.00
    21    42.48    49.30     0.00  1   403.00   -25.89  9999.00   296.00    16.00
    22    74.79    49.15     0.00  1   657.00   -10.96  9999.00   272.00    12.00
    23    75.62    49.13     0.00  1   661.00   -10.19  9999.00   272.00    11.00
    24    76.65    49.18     0.00  1   664.00    -9.42  9999.00   272.00    17.00
    25    77.70    49.16     0.00  1   659.00    -9.27  9999.00   271.00    14.00
    26    78.66    49.13     0.00  1   637.00    -9.42  9999.00   271.00    14.00
    27    79.69    49.20     0.00  1   610.00    -9.73  9999.00   271.00    14.00
    28   107.09    49.21     0.00  1   675.00     3.75  9999.00   264.00     3.00
    29   109.12    49.24     0.00  1   638.00     0.53  9999.00   314.00     6.00
    30   110.17    49.22     0.00  1   678.00     4.14  9999.00   346.00     5.00
    31    36.66    48.15     0.00  1   536.00    -8.66  9999.00   256.00    12.00
    32    37.57    48.14     0.00  1   530.00    -9.42  9999.00   255.00    12.00
    33    38.59    48.20     0.00  1   592.00    -3.52  9999.00   278.00    11.00
    34    39.59    48.18     0.00  1   625.00    -1.82  9999.00   278.00    11.00
    35    40.55    48.24     0.00  1   655.00    -0.71  9999.00   294.00    17.00
    36    41.50    48.31     0.00  1   445.00   -20.05  9999.00   295.00    17.00
    37    71.52    48.08     0.00  1   672.00    -9.42  9999.00   256.00    17.00
    38    72.63    48.12     0.00  1   642.00   -10.34  9999.00   256.00    17.00
    39    73.60    48.08     0.00  1   611.00   -11.58  9999.00   255.00    17.00
    40    74.64    48.05     0.00  1   596.00   -11.74  9999.00   255.00    17.00
    41    75.65    48.10     0.00  1   594.00   -11.27  9999.00   272.00    11.00
    42    76.66    48.16     0.00  1   613.00    -9.73  9999.00   272.00    14.00
    43    77.68    48.13     0.00  1   620.00    -9.11  9999.00   271.00    14.00
    44    78.62    48.11     0.00  1   596.00    -9.57  9999.00   254.00    17.00
    45   133.40    48.34     0.00  1   408.00   -24.19  9999.00   326.00    10.00
    46   134.39    48.36     0.00  1   434.00   -21.14  9999.00   326.00    10.00
    47   135.42    48.39     0.00  1   434.00   -21.31  9999.00   325.00    10.00
    48    38.67    47.21     0.00  1   697.00     3.62  9999.00   278.00    11.00
    49    39.64    47.20     0.00  1   694.00     3.22  9999.00   278.00    11.00
    50    43.77    47.27     0.00  1   427.00   -23.18  9999.00   303.00    11.00
    51    44.72    47.26     0.00  1   442.00   -20.93  9999.00   304.00    10.00
    52    45.77    47.24     0.00  1   440.00   -21.44  9999.00   277.00     9.00
    53    69.88    47.24     0.00  1   698.00    -6.57  9999.00   306.00     9.00
    54    70.86    47.20     0.00  1   672.00    -7.76  9999.00   306.00     8.00
    55    92.09    47.15     0.00  1   648.00     1.88  9999.00   180.00     0.00
    56    93.08    47.17     0.00  1   660.00     3.75  9999.00   180.00     0.00
    57   120.29    47.28     0.00  1   641.00     0.80  9999.00   345.00     4.00
    58   121.29    47.29     0.00  1   636.00    -0.02  9999.00   345.00     4.00
    59   122.31    47.29     0.00  1   679.00     3.48  9999.00   355.00     4.00
    60    43.89    46.15     0.00  1   468.00   -17.00  9999.00   180.00     0.00
    61    69.86    46.27     0.00  1   669.00    -6.13  9999.00   305.00     8.00
    62    70.81    46.23     0.00  1   634.00    -7.46  9999.00   305.00     8.00
    63   134.46    46.20     0.00  1   695.00     4.67  9999.00    43.00     7.00
    64    68.86    45.21     0.00  1   683.00    -3.95  9999.00   318.00     6.00
    65    69.80    45.17     0.00  1   640.00    -5.54  9999.00   319.00     6.00
    66   131.27    45.19     0.00  1   576.00    -4.81  9999.00   180.00     0.00
    67   132.29    45.13     0.00  1   590.00    -3.38  9999.00   180.00     0.00
    68   135.34    45.20     0.00  1   693.00     4.54  9999.00   180.00     0.00
    69    68.88    44.14     0.00  1   673.00    -4.63  9999.00   273.00     6.00
    70   125.35    44.28     0.00  1   633.00    -0.16  9999.00    33.00     5.00
    71   130.24    44.18     0.00  1   567.00    -5.54  9999.00   180.00     0.00
    72   128.24    43.12     0.00  1   507.00   -11.43  9999.00   215.00     5.00
    73   130.25    43.15     0.00  1   592.00    -2.67  9999.00   180.00     0.00
    74   123.33    42.20     0.00  1   429.00   -17.45  9999.00    30.00     5.00
    75    83.88    41.08     0.00  1   481.00   -11.58  9999.00   232.00    13.00
    76    84.94    41.08     0.00  1   480.00   -11.43  9999.00   243.00     9.00
    77    91.67    41.04     0.00  1   494.00    -8.81  9999.00   257.00    20.00
    78    98.96    41.12     0.00  1   632.00     4.41  9999.00   267.00    11.00
    79    99.87    41.15     0.00  1   637.00     4.80  9999.00   267.00    11.00
    80   100.84    41.11     0.00  1   660.00     6.99  9999.00   267.00    12.00
    81    83.87    39.97     0.00  1   481.00   -10.96  9999.00   233.00    13.00
    82    91.76    40.00     0.00  1   467.00   -10.96  9999.00   258.00    23.00
    83    98.96    40.22     0.00  1   607.00     2.29  9999.00   295.00     9.00
    84   100.86    40.14     0.00  1   524.00    -6.57  9999.00   267.00    12.00
    85    79.74    39.01     0.00  1   500.00    -8.51  9999.00   239.00    15.00
    86    82.89    38.97     0.00  1   427.00   -16.09  9999.00   239.00    15.00
    87    84.75    39.09     0.00  1   444.00   -13.65  9999.00   250.00    11.00
    88    91.80    38.99     0.00  1   419.00   -15.76  9999.00   255.00    17.00
    89    98.94    39.20     0.00  1   567.00    -0.02  9999.00   294.00     9.00
    90    99.92    39.09     0.00  1   530.00    -4.81  9999.00   267.00    11.00
    91   101.89    39.16     0.00  1   481.00   -10.34  9999.00   267.00    15.00
    92    43.87    38.13     0.00  1   687.00     9.94  9999.00   180.00     0.00
    93    85.78    38.09     0.00  1   452.00   -11.43  9999.00   244.00     9.00
    94    91.84    38.06     0.00  1   410.00   -16.42  9999.00   250.00    12.00
    95    92.98    38.14     0.00  1   549.00    -0.57  9999.00   268.00     2.00
    96    98.05    38.11     0.00  1   524.00    -2.24  9999.00   180.00     0.00
    97    98.99    38.20     0.00  1   531.00    -1.82  9999.00   294.00     8.00
    98    99.89    38.10     0.00  1   518.00    -4.38  9999.00   267.00     8.00
    99   102.87    38.07     0.00  1   453.00   -12.53  9999.00   267.00    12.00
   100   103.87    38.04     0.00  1   495.00    -9.11  9999.00   267.00    15.00
   101    50.77    37.15     0.00  1   449.00   -15.15  9999.00   290.00    14.00
   102    52.74    37.21     0.00  1   411.00   -20.05  9999.00   290.00    14.00
   103    53.73    37.21     0.00  1   412.00   -20.05  9999.00   290.00    13.00
   104    54.77    37.21     0.00  1   449.00   -16.26  9999.00   291.00    13.00
   105    55.87    37.21     0.00  1   457.00   -15.43  9999.00   297.00     9.00
   106    91.94    37.15     0.00  1   420.00   -14.45  9999.00   269.00     5.00
   107    93.06    37.10     0.00  1   534.00    -0.57  9999.00   180.00     0.00
   108    99.02    37.10     0.00  1   460.00   -11.08  9999.00   267.00     2.00
   109    99.87    37.12     0.00  1   492.00    -7.01  9999.00   267.00     8.00
   110   100.91    37.15     0.00  1   437.00   -13.01  9999.00   267.00     9.00
   111   101.89    37.12     0.00  1   423.00   -14.62  9999.00   267.00    11.00
   112   102.87    37.09     0.00  1   413.00   -15.93  9999.00   267.00    15.00
   113   103.83    37.19     0.00  1   429.00   -14.78  9999.00   282.00    14.00
   114   104.89    37.17     0.00  1   430.00   -16.39  9999.00   297.00    15.00
   115   124.11    37.22     0.00  1   632.00     4.95  9999.00   333.00     8.00
   116    53.86    36.18     0.00  1   403.00   -20.05  9999.00   296.00    10.00
   117    54.81    36.18     0.00  1   407.00   -20.05  9999.00   296.00    10.00
   118    55.81    36.19     0.00  1   450.00   -15.43  9999.00   290.00    13.00
   119    56.81    36.19     0.00  1   453.00   -15.43  9999.00   309.00     6.00
   120    57.86    36.19     0.00  1   454.00   -15.43  9999.00   297.00     9.00
   121    82.00    36.12     0.00  1   495.00    -4.96  9999.00   180.00     0.00
   122    98.96    36.14     0.00  1   465.00    -8.66  9999.00   304.00     6.00
   123    99.85    36.10     0.00  1   451.00   -10.96  9999.00   286.00    11.00
   124   100.81    36.13     0.00  1   433.00   -13.49  9999.00   292.00     9.00
   125   101.89    36.10     0.00  1   416.00   -15.43  9999.00   267.00    11.00
   126   102.83    36.20     0.00  1   412.00   -15.93  9999.00   282.00    14.00
   127   103.87    36.17     0.00  1   458.00   -11.58  9999.00   282.00    14.00
   128   104.95    36.27     0.00  1   478.00    -9.36  9999.00   303.00    12.00
   129    48.91    35.12     0.00  1   697.00    13.11  9999.00   180.00     0.00
   130    54.89    35.17     0.00  1   415.00   -19.94  9999.00   334.00     4.00
   131    56.88    35.31     0.00  1   409.00   -21.87  9999.00   290.00    12.00
   132    57.80    35.25     0.00  1   449.00   -15.43  9999.00   287.00    15.00
   133    71.93    35.01     0.00  1   568.00    -0.02  9999.00   235.00     6.00
   134    86.89    35.10     0.00  1   473.00    -4.67  9999.00   269.00     8.00
   135    87.86    35.10     0.00  1   447.00    -8.21  9999.00   269.00     5.00
   136    90.02    35.11     0.00  1   406.00   -13.97  9999.00   269.00     5.00
   137    94.07    35.10     0.00  1   493.00    -1.96  9999.00   180.00     0.00
   138    98.02    35.18     0.00  1   442.00   -10.49  9999.00   292.00     8.00
   139    98.89    35.14     0.00  1   446.00   -10.49  9999.00   286.00    11.00
   140    99.83    35.10     0.00  1   452.00   -10.34  9999.00   292.00     8.00
   141   100.92    35.20     0.00  1   449.00   -11.12  9999.00   292.00     8.00
   142   101.92    35.16     0.00  1   461.00   -10.19  9999.00   267.00    11.00
   143   102.79    35.25     0.00  1   477.00    -8.81  9999.00   286.00    11.00
   144   103.73    35.16     0.00  1   443.00   -12.72  9999.00   291.00     9.00
   145    47.95    34.13     0.00  1   700.00    14.90  9999.00   180.00     0.00
   146    48.90    34.13     0.00  1   688.00    14.43  9999.00   180.00     0.00
   147    49.91    34.12     0.00  1   691.00    14.31  9999.00   180.00     0.00
   148    50.90    34.12     0.00  1   699.00    14.66  9999.00   180.00     0.00
   149    67.95    34.10     0.00  1   595.00     2.69  9999.00   180.00     0.00
   150    78.06    34.07     0.00  1   411.00   -14.29  9999.00   166.00     3.00
   151    79.08    34.06     0.00  1   428.00   -12.53  9999.00   166.00     3.00
   152    79.93    34.10     0.00  1   453.00    -8.81  9999.00   270.00     2.00
   153    83.02    34.13     0.00  1   486.00    -2.24  9999.00   180.00     0.00
   154    83.92    34.13     0.00  1   470.00    -3.95  9999.00   246.00     9.00
   155    86.89    34.12     0.00  1   402.00   -13.36  9999.00   269.00     8.00
   156    87.95    34.12     0.00  1   402.00   -13.74  9999.00   269.00     5.00
   157    89.97    34.13     0.00  1   418.00   -11.58  9999.00   269.00     5.00
   158    91.99    34.03     0.00  1   461.00    -5.54  9999.00   237.00     6.00
   159    96.94    34.17     0.00  1   447.00    -8.36  9999.00   292.00     8.00
   160    97.92    34.19     0.00  1   432.00   -10.80  9999.00   292.00     8.00
   161    98.78    34.15     0.00  1   433.00   -11.12  9999.00   268.00    11.00
   162    48.95    33.15     0.00  1   694.00    13.71  9999.00   180.00     0.00
   163    49.95    33.14     0.00  1   678.00    13.23  9999.00   180.00     0.00
   164    50.96    33.08     0.00  1   670.00    13.11  9999.00   180.00     0.00
   165    51.96    33.14     0.00  1   684.00    14.31  9999.00   180.00     0.00
   166    64.99    33.13     0.00  1   593.00     1.43  9999.00   180.00     0.00
   167    73.99    33.01     0.00  1   496.00    -5.39  9999.00   214.00     4.00
   168    84.84    33.10     0.00  1   449.00    -6.27  9999.00   270.00     8.00
   169    89.92    33.11     0.00  1   448.00    -6.71  9999.00   269.00     5.00
   170    92.98    33.14     0.00  1   498.00    -1.13  9999.00   269.00     2.00
   171    98.96    33.13     0.00  1   427.00   -11.43  9999.00   268.00     8.00
   172   110.85    33.08     0.00  1   428.00   -11.12  9999.00   266.00    16.00
   173   112.87    33.17     0.00  1   485.00    -6.71  9999.00   277.00    19.00
   174   115.10    33.17     0.00  1   573.00     1.88  9999.00    18.00     7.00
   175   117.79    33.07     0.00  1   687.00     8.69  9999.00   239.00    16.00
   176   118.85    32.95     0.00  1   544.00    -0.02  9999.00   239.00    16.00
   177   119.77    32.94     0.00  1   539.00    -0.30  9999.00   244.00    20.00
   178   120.81    33.01     0.00  1   576.00     2.42  9999.00   245.00    20.00
   179    49.91    32.13     0.00  1   693.00    13.23  9999.00   180.00     0.00
   180    50.96    32.12     0.00  1   681.00    12.75  9999.00   180.00     0.00
   181    51.98    32.12     0.00  1   670.00    12.99  9999.00   180.00     0.00
   182    52.99    32.12     0.00  1   694.00    14.55  9999.00   180.00     0.00
   183    67.97    32.13     0.00  1   526.00    -3.81  9999.00   180.00     0.00
   184    83.00    32.10     0.00  1   477.00    -2.67  9999.00   180.00     0.00
   185    84.97    32.09     0.00  1   488.00    -1.68  9999.00   270.00     2.00
   186    87.04    32.09     0.00  1   503.00    -0.16  9999.00   180.00     0.00
   187    88.02    32.09     0.00  1   498.00    -0.16  9999.00   180.00     0.00
   188    89.06    32.10     0.00  1   494.00    -0.30  9999.00   180.00     0.00
   189    92.07    32.12     0.00  1   489.00    -1.26  9999.00   180.00     0.00
   190    98.97    32.13     0.00  1   436.00    -9.73  9999.00   268.00     8.00
   191   101.07    32.12     0.00  1   537.00     1.75  9999.00   180.00     0.00
   192   102.04    32.09     0.00  1   549.00     2.95  9999.00   180.00     0.00
   193   103.09    32.12     0.00  1   562.00     3.08  9999.00   180.00     0.00
   194   109.98    32.15     0.00  1   428.00   -11.43  9999.00   266.00    12.00
   195   110.90    32.13     0.00  1   424.00   -11.58  9999.00   266.00    16.00
   196   111.91    32.11     0.00  1   427.00   -11.12  9999.00   283.00    12.00
   197   112.99    32.11     0.00  1   419.00   -11.74  9999.00   300.00     6.00
   198   114.04    32.16     0.00  1   426.00   -11.12  9999.00   299.00     6.00
   199   114.95    32.14     0.00  1   455.00    -8.21  9999.00   266.00    10.00
   200   115.88    32.13     0.00  1   453.00    -8.21  9999.00   266.00    14.00
   201   116.86    32.06     0.00  1   524.00    -1.26  9999.00   253.00    16.00
   202   117.88    32.06     0.00  1   575.00     3.08  9999.00   239.00    15.00
   203   118.89    32.00     0.00  1   537.00    -0.16  9999.00   232.00     6.00
   204   119.94    32.00     0.00  1   504.00    -3.09  9999.00   233.00    13.00
   205    50.97    31.12     0.00  1   688.00    13.11  9999.00   180.00     0.00
   206    51.98    31.12     0.00  1   665.00    12.14  9999.00   180.00     0.00
   207    52.97    31.12     0.00  1   667.00    12.14  9999.00   180.00     0.00
   208    53.95    31.12     0.00  1   700.00    13.95  9999.00   180.00     0.00
   209    69.94    31.13     0.00  1   500.00    -5.39  9999.00   271.00     5.00
   210    82.02    31.12     0.00  1   485.00    -2.39  9999.00   180.00     0.00
   211    82.99    31.12     0.00  1   479.00    -2.39  9999.00   180.00     0.00
   212    84.02    31.11     0.00  1   480.00    -2.10  9999.00   180.00     0.00
   213    84.99    31.11     0.00  1   494.00    -0.71  9999.00   180.00     0.00
   214    86.01    31.10     0.00  1   497.00    -0.71  9999.00   180.00     0.00
   215    98.87    31.13     0.00  1   443.00    -8.66  9999.00   288.00    20.00
   216   101.73    31.09     0.00  1   491.00    -4.52  9999.00   267.00    23.00
   217   104.72    31.13     0.00  1   441.00    -9.42  9999.00   267.00    15.00
   218   108.97    31.05     0.00  1   447.00    -8.96  9999.00   267.00     6.00
   219   109.96    31.09     0.00  1   420.00   -11.74  9999.00   267.00     9.00
   220   110.94    31.07     0.00  1   416.00   -12.06  9999.00   249.00    11.00
   221   111.95    31.12     0.00  1   416.00   -11.90  9999.00   266.00     9.00
   222   112.95    31.11     0.00  1   419.00   -11.58  9999.00   266.00    10.00
   223   113.97    31.10     0.00  1   435.00   -10.03  9999.00   266.00    10.00
   224   114.89    31.14     0.00  1   453.00    -8.21  9999.00   266.00    10.00
   225   115.91    31.08     0.00  1   466.00    -6.71  9999.00   266.00    14.00
   226   116.88    31.01     0.00  1   624.00     6.48  9999.00   253.00    16.00
   227   117.99    31.07     0.00  1   615.00     5.71  9999.00   232.00    12.00
   228   118.99    31.01     0.00  1   529.00    -0.99  9999.00   232.00    12.00
   229   119.99    31.06     0.00  1   456.00    -7.61  9999.00   245.00     9.00
   230    51.95    30.13     0.00  1   683.00    13.35  9999.00   180.00     0.00
   231    52.96    30.08     0.00  1   667.00    12.51  9999.00   180.00     0.00
   232    53.97    30.14     0.00  1   677.00    13.23  9999.00   180.00     0.00
   233    54.99    30.14     0.00  1   692.00    13.23  9999.00   180.00     0.00
   234    55.95    30.09     0.00  1   670.00    10.55  9999.00   180.00     0.00
   235    57.00    30.10     0.00  1   673.00    10.31  9999.00   180.00     0.00
   236    57.97    30.11     0.00  1   685.00    11.17  9999.00   180.00     0.00
   237    66.00    30.11     0.00  1   577.00     1.00  9999.00   180.00     0.00
   238    66.99    30.13     0.00  1   693.00    12.87  9999.00   180.00     0.00
   239    86.02    30.13     0.00  1   471.00    -1.96  9999.00   180.00     0.00
   240   106.83    30.16     0.00  1   480.00    -5.10  9999.00   284.00    11.00
   241   109.01    30.13     0.00  1   448.00    -8.21  9999.00   267.00     6.00
   242   109.97    30.11     0.00  1   413.00   -11.74  9999.00   267.00     9.00
   243   110.92    30.04     0.00  1   414.00   -11.74  9999.00   249.00    11.00
   244   111.98    30.08     0.00  1   423.00   -10.96  9999.00   249.00    11.00
   245   112.91    30.07     0.00  1   431.00   -10.49  9999.00   266.00     6.00
   246   113.87    30.11     0.00  1   436.00    -9.96  9999.00   266.00    10.00
   247   115.97    30.04     0.00  1   698.00    11.17  9999.00   266.00     6.00
   248   118.09    30.03     0.00  1   637.00     6.74  9999.00   231.00     6.00
   249   119.06    30.08     0.00  1   437.00    -9.27  9999.00   233.00     6.00
   250   120.10    30.08     0.00  1   435.00    -9.42  9999.00   233.00     6.00
   251   121.08    30.08     0.00  1   433.00    -9.57  9999.00   198.00     3.00
   252    46.94    29.10     0.00  1   582.00     4.83  9999.00   180.00     0.00
   253    53.94    29.11     0.00  1   692.00    15.49  9999.00   180.00     0.00
   254    54.94    29.12     0.00  1   690.00    14.07  9999.00   180.00     0.00
   255    56.00    29.12     0.00  1   665.00    10.92  9999.00   180.00     0.00
   256    56.97    29.13     0.00  1   661.00    10.31  9999.00   180.00     0.00
   257    58.00    29.14     0.00  1   664.00    10.43  9999.00   180.00     0.00
   258    66.99    29.11     0.00  1   699.00    14.07  9999.00   180.00     0.00
   259    68.84    29.00     0.00  1   700.00    12.99  9999.00   230.00    10.00
   260    73.77    29.04     0.00  1   411.00   -10.49  9999.00   271.00    11.00
   261   106.97    29.09     0.00  1   446.00    -8.06  9999.00   289.00     9.00
   262   108.03    29.13     0.00  1   449.00    -7.61  9999.00   300.00     6.00
   263   108.97    29.11     0.00  1   443.00    -8.21  9999.00   267.00     9.00
   264   109.98    29.09     0.00  1   448.00    -7.76  9999.00   267.00     6.00
   265   110.95    29.13     0.00  1   426.00   -10.50  9999.00   288.00     9.00
   266   111.92    29.11     0.00  1   421.00   -11.17  9999.00   267.00     9.00
   267   113.03    29.10     0.00  1   425.00   -10.94  9999.00   267.00     6.00
   268   117.04    29.06     0.00  1   676.00     9.37  9999.00   231.00     5.00
   269   118.09    29.06     0.00  1   432.00    -9.73  9999.00   233.00     6.00
   270   119.10    29.06     0.00  1   421.00   -10.65  9999.00   233.00     6.00
   271   120.12    29.05     0.00  1   430.00    -9.88  9999.00   201.00     3.00
   272    43.95    28.08     0.00  1   549.00     1.23  9999.00   180.00     0.00
   273    66.93    28.11     0.00  1   675.00    11.54  9999.00   272.00     2.00
   274   109.98    28.03     0.00  1   401.00   -16.09  9999.00   243.00     8.00
   275   111.02    28.12     0.00  1   409.00   -14.60  9999.00   267.00     6.00
   276   105.01    27.14     0.00  1   454.00    -6.86  9999.00   324.00     3.00
   277   136.32    27.24     0.00  1   590.00     2.29  9999.00    29.00     4.00
   278   107.04    26.12     0.00  1   693.00    10.92  9999.00   180.00     0.00
   279    49.13    25.09     0.00  1   660.00     9.80  9999.00    93.00     4.00
   280    41.85    24.27     0.00  1   610.00     4.60  9999.00   299.00     7.00
   281    61.21    24.09     0.00  1   400.00   -12.48  9999.00    92.00     9.00
   282    67.08    24.06     0.00  1   413.00   -10.73  9999.00   131.00     4.00
   283    41.02    22.22     0.00  1   650.00     9.56  9999.00     7.00     9.00
   284    43.09    22.17     0.00  1   680.00    12.75  9999.00   359.00     9.00
   285    50.25    22.05     0.00  1   688.00    12.30  9999.00   124.00    11.00
   286    65.02    22.14     0.00  1   523.00    -1.68  9999.00   351.00     3.00
   287    42.01    21.21     0.00  1   645.00     9.07  9999.00   335.00     7.00
   288    42.97    21.22     0.00  1   653.00     9.56  9999.00   359.00     9.00
   289    55.95    21.14     0.00  1   663.00     8.94  9999.00   338.00     3.00
   290    57.03    21.21     0.00  1   640.00     6.10  9999.00    17.00     6.00
   291    64.98    21.16     0.00  1   524.00    -1.40  9999.00   348.00     6.00
   292    66.16    20.93     0.00  1   529.00    -1.13  9999.00   131.00     9.00
   293    41.92    20.17     0.00  1   690.00    13.59  9999.00   342.00     3.00
   294    65.03    20.25     0.00  1   533.00    -0.43  9999.00   327.00     7.00
   295    66.02    20.12     0.00  1   530.00    -0.71  9999.00    20.00     6.00
   296    65.05    19.19     0.00  1   608.00     5.19  9999.00    18.00     6.00
   297    66.01    19.22     0.00  1   616.00     5.71  9999.00    41.00     3.00
   298    74.39    19.01     0.00  1   677.00     9.94  9999.00    99.00    20.00
   299    86.16    18.13     0.00  1   457.00    -6.71  9999.00    44.00     4.00
   300    49.93    17.14     0.00  1   597.00     1.88  9999.00   303.00     5.00
   301    50.91    17.15     0.00  1   596.00     1.88  9999.00   319.00     8.00
   302    73.13    16.96     0.00  1   692.00     9.94  9999.00   150.00     6.00
   303    48.97    16.22     0.00  1   619.00     4.41  9999.00   344.00     6.00
   304    50.88    16.25     0.00  1   592.00     1.75  9999.00   345.00     9.00
   305    51.91    16.27     0.00  1   651.00     7.63  9999.00   328.00    10.00
   306    72.95    16.14     0.00  1   500.00    -2.39  9999.00   313.00     4.00
   307    47.97    15.15     0.00  1   497.00    -5.10  9999.00   360.00     2.00
   308    49.03    15.22     0.00  1   646.00     7.12  9999.00   342.00     3.00
   309   102.03    15.05     0.00  1   460.00    -7.46  9999.00   185.00     5.00
   310   103.03    15.11     0.00  1   443.00    -9.42  9999.00   180.00     0.00
   311   104.13    15.08     0.00  1   449.00    -8.96  9999.00    48.00     4.00
   312   105.10    15.15     0.00  1   534.00    -0.71  9999.00    89.00     5.00
   313    46.14    14.16     0.00  1   460.00    -8.81  9999.00    91.00     3.00
   314    46.99    14.14     0.00  1   462.00    -8.51  9999.00   342.00     3.00
   315    66.82    14.15     0.00  1   668.00     8.14  9999.00   270.00     8.00
   316    67.84    14.09     0.00  1   678.00     8.69  9999.00   270.00     8.00
   317    75.04    14.09     0.00  1   449.00    -8.51  9999.00    90.00     2.00
   318   129.22    14.04     0.00  1   678.00     7.50  9999.00   130.00     4.00
   319   129.26    13.10     0.00  1   675.00     7.25  9999.00   108.00     8.00
   320    44.11    12.20     0.00  1   486.00    -6.86  9999.00    37.00    10.00
   321    46.85    12.08     0.00  1   659.00     7.63  9999.00   230.00     4.00
   322    50.92    10.09     0.00  1   624.00     3.88  9999.00   305.00     5.00
   323    50.98     9.23     0.00  1   643.00     5.32  9999.00   321.00     7.00
   324    52.91     8.14     0.00  1   638.00     5.32  9999.00   270.00     3.00
   325   107.07     7.09     0.00  1   430.00   -12.06  9999.00    89.00     2.00
   326    37.06     6.08     0.00  1   428.00   -12.06  9999.00    90.00     5.00
   327    38.09     6.11     0.00  1   429.00   -12.06  9999.00    90.00     5.00
   328   108.04     5.15     0.00  1   446.00   -10.34  9999.00    17.00     2.00
   329   109.06     5.11     0.00  1   479.00    -6.71  9999.00   359.00     2.00
   330    39.01     4.20     0.00  1   530.00    -2.81  9999.00   337.00     3.00
   331   105.21     4.08     0.00  1   450.00    -9.88  9999.00    89.00    11.00
   332   106.15     4.08     0.00  1   441.00   -10.80  9999.00    65.00     6.00
   333   107.10     4.13     0.00  1   430.00   -12.06  9999.00    29.00     6.00
   334   108.11     4.18     0.00  1   443.00   -10.65  9999.00    29.00     6.00
   335   109.02     4.19     0.00  1   476.00    -7.01  9999.00    31.00     6.00
   336   117.16     4.10     0.00  1   537.00    -2.39  9999.00    89.00     6.00
   337    38.01     3.19     0.00  1   540.00    -1.82  9999.00   348.00     5.00
   338    65.92     3.03     0.00  1   659.00     7.12  9999.00   226.00     8.00
   339   105.23     3.11     0.00  1   495.00    -5.25  9999.00    89.00     8.00
   340   106.12     3.12     0.00  1   474.00    -7.31  9999.00    65.00     6.00
   341   108.02     3.17     0.00  1   633.00     5.97  9999.00   359.00     2.00
   342   111.00     3.09     0.00  1   583.00     1.75  9999.00   269.00     3.00
   343   112.11     3.05     0.00  1   441.00   -11.27  9999.00    89.00     3.00
   344   113.07     3.05     0.00  1   443.00   -11.27  9999.00   130.00     4.00
   345   104.14     2.10     0.00  1   499.00    -4.81  9999.00    64.00     6.00
   346   111.08     2.03     0.00  1   448.00   -10.34  9999.00    89.00     3.00
   347   112.08     2.03     0.00  1   443.00   -11.12  9999.00    89.00     3.00
   348    95.24     1.18     0.00  1   455.00    -9.57  9999.00    63.00     6.00
   349    96.25     1.13     0.00  1   456.00    -9.42  9999.00    89.00     8.00
   350    97.17     1.13     0.00  1   557.00    -0.57  9999.00    89.00     8.00
   351   103.11     1.18     0.00  1   485.00    -6.13  9999.00    27.00     6.00
   352   106.04     1.19     0.00  1   493.00    -4.81  9999.00    18.00     2.00
   353   115.10     1.11     0.00  1   582.00     0.66  9999.00    51.00     4.00
   354   116.10     1.07     0.00  1   597.00     1.21  9999.00    89.00     3.00
   355    95.28     0.18     0.00  1   501.00    -4.52  9999.00    56.00     9.00
   356    96.34     0.09     0.00  1   521.00    -3.23  9999.00    56.00     9.00
   357    97.26     0.18     0.00  1   506.00    -4.38  9999.00    56.00     9.00
   358   107.08     0.13     0.00  1   497.00    -4.24  9999.00    64.00     6.00
   359    96.29    -0.86     0.00  1   660.00     6.99  9999.00    71.00     8.00
   360    97.31    -0.81     0.00  1   625.00     4.41  9999.00    90.00     8.00
   361    99.27    -0.91     0.00  1   629.00     4.80  9999.00    79.00    14.00
   362   105.84    -0.96     0.00  1   645.00     5.84  9999.00   262.00    20.00
   363   117.17    -0.97     0.00  1   438.00   -11.58  9999.00   112.00     7.00
   364    96.12    -2.04     0.00  1   670.00     7.88  9999.00   103.00    11.00
   365    99.18    -1.91     0.00  1   475.00    -7.76  9999.00    71.00     8.00
   366   100.17    -1.96     0.00  1   441.00   -11.27  9999.00    90.00    11.00
   367   101.21    -2.00     0.00  1   429.00   -12.53  9999.00   107.00     8.00
   368   102.11    -2.00     0.00  1   451.00   -10.34  9999.00    90.00     8.00
   369   121.03    -2.01     0.00  1   586.00     0.80  9999.00   165.00     2.00
   370   122.01    -1.97     0.00  1   613.00     2.69  9999.00   166.00     2.00
   371    73.38    -3.00     0.00  1   420.00   -13.95  9999.00    96.00    22.00
   372   113.07    -2.96     0.00  1   482.00    -6.57  9999.00    90.00     3.00
   373   116.15    -3.02     0.00  1   432.00   -12.06  9999.00   146.00     6.00
   374   120.10    -3.00     0.00  1   677.00     7.63  9999.00   165.00     2.00
   375   121.06    -3.00     0.00  1   680.00     7.63  9999.00   180.00     5.00
   376   114.08    -3.94     0.00  1   588.00     1.34  9999.00    90.00     6.00
   377   116.08    -4.00     0.00  1   437.00   -11.74  9999.00   112.00     7.00
   378   117.15    -4.01     0.00  1   403.00   -15.43  9999.00   105.00    10.00
   379   118.13    -3.92     0.00  1   424.00   -13.01  9999.00   112.00     7.00
   380   115.06    -4.88     0.00  1   584.00     0.80  9999.00   360.00     2.00
   381   127.21    -5.95     0.00  1   694.00     8.69  9999.00    90.00     8.00
   382    38.12    -6.99     0.00  1   689.00     7.88  9999.00   122.00     5.00
   383   127.19    -6.96     0.00  1   674.00     7.76  9999.00    90.00     8.00
   384    37.05    -7.99     0.00  1   662.00     5.97  9999.00   184.00     5.00
   385    38.09    -8.02     0.00  1   685.00     7.31  9999.00   145.00     6.00
   386    54.33    -7.74     0.00  1   416.00   -13.64  9999.00    58.00    22.00
   387    87.09    -8.01     0.00  1   642.00     5.45  9999.00   180.00     2.00
   388    37.09    -9.02     0.00  1   662.00     6.10  9999.00   146.00     6.00
   389    88.14    -8.93     0.00  1   572.00     0.39  9999.00    71.00     8.00
   390    89.14    -8.89     0.00  1   575.00     0.66  9999.00    55.00     9.00
   391   126.17    -8.97     0.00  1   689.00     9.44  9999.00    91.00     3.00
   392   127.35    -8.99     0.00  1   681.00     9.07  9999.00    91.00     8.00
   393   128.28    -9.01     0.00  1   688.00     9.44  9999.00    91.00    12.00
   394    88.19    -9.91     0.00  1   633.00     4.67  9999.00    71.00     8.00
   395    89.15    -9.91     0.00  1   677.00     7.88  9999.00    70.00     8.00
   396   127.31    -9.96     0.00  1   663.00     7.88  9999.00    80.00    16.00
   397   128.31    -9.93     0.00  1   642.00     6.48  9999.00    77.00    12.00
   398   129.25    -9.90     0.00  1   646.00     6.48  9999.00    77.00    12.00
   399    55.34   -10.63     0.00  1   418.00   -13.33  9999.00    43.00    23.00
   400    90.18   -10.89     0.00  1   449.00    -9.91  9999.00    90.00     5.00
   401   112.08   -11.01     0.00  1   517.00    -3.52  9999.00   130.00     4.00
   402   116.07   -10.93     0.00  1   521.00    -3.17  9999.00    48.00     4.00
   403   123.04   -10.93     0.00  1   603.00     3.36  9999.00   180.00     0.00
   404   124.02   -10.95     0.00  1   605.00     3.60  9999.00   180.00     0.00
   405   128.22   -10.90     0.00  1   655.00     7.25  9999.00    77.00    12.00
   406   129.25   -10.93     0.00  1   654.00     7.12  9999.00    78.00    12.00
   407   109.99   -11.88     0.00  1   612.00     3.22  9999.00   270.00     3.00
   408   111.00   -11.94     0.00  1   532.00    -2.24  9999.00   271.00     2.00
   409   112.03   -11.96     0.00  1   537.00    -2.10  9999.00   180.00     0.00
   410    97.07   -12.94     0.00  1   411.00   -14.29  9999.00    90.00     2.00
   411   101.12   -12.94     0.00  1   421.00   -12.79  9999.00    90.00     2.00
   412    57.15   -14.01     0.00  1   692.00     9.29  9999.00   113.00     6.00
   413   107.96   -13.95     0.00  1   468.00    -7.61  9999.00   311.00     4.00
   414    97.95   -14.95     0.00  1   649.00     7.37  9999.00   270.00     8.00
   415    98.87   -14.91     0.00  1   668.00     8.51  9999.00   270.00     5.00
   416    99.94   -14.88     0.00  1   645.00     7.12  9999.00   289.00     9.00
   417   100.87   -14.89     0.00  1   661.00     8.01  9999.00   270.00     5.00
   418   106.93   -14.94     0.00  1   465.00    -8.21  9999.00   271.00     6.00
   419   107.92   -14.91     0.00  1   435.00   -11.58  9999.00   295.00     7.00
   420   111.01   -14.88     0.00  1   403.00   -15.27  9999.00   326.00     7.00
   421    94.12   -16.02     0.00  1   673.00     9.44  9999.00   135.00     8.00
   422   101.90   -15.92     0.00  1   664.00     8.69  9999.00   270.00     8.00
   423   104.18   -16.00     0.00  1   477.00    -7.55  9999.00   108.00     9.00
   424   109.90   -15.83     0.00  1   464.00    -8.66  9999.00   310.00     9.00
   425   113.93   -15.87     0.00  1   481.00    -7.16  9999.00   293.00     7.00
   426    92.15   -16.93     0.00  1   609.00     4.90  9999.00    90.00     5.00
   427    93.20   -16.99     0.00  1   660.00     8.27  9999.00   109.00     8.00
   428    94.16   -16.95     0.00  1   663.00     8.47  9999.00    90.00    10.00
   429    95.17   -16.91     0.00  1   662.00     8.41  9999.00    62.00     6.00
   430    96.14   -16.87     0.00  1   660.00     8.32  9999.00    54.00     9.00
   431   100.75   -16.92     0.00  1   638.00     7.12  9999.00   282.00    14.00
   432   101.75   -16.94     0.00  1   655.00     8.26  9999.00   271.00    11.00
   433   102.71   -16.96     0.00  1   678.00     9.81  9999.00   271.00    14.00
   434   111.93   -16.90     0.00  1   400.00   -16.29  9999.00   300.00    12.00
   435   113.83   -16.85     0.00  1   490.00    -6.13  9999.00   294.00     7.00
   436   114.91   -16.83     0.00  1   402.00   -16.26  9999.00   307.00    10.00
   437   117.85   -16.77     0.00  1   473.00    -8.36  9999.00   313.00    18.00
   438   132.12   -16.86     0.00  1   547.00    -1.26  9999.00    50.00     4.00
   439    88.16   -17.94     0.00  1   696.00    10.68  9999.00    90.00     8.00
   440    91.18   -17.95     0.00  1   690.00    10.31  9999.00    90.00    10.00
   441    92.19   -18.01     0.00  1   679.00     9.56  9999.00    90.00    10.00
   442    93.20   -17.96     0.00  1   666.00     8.69  9999.00    90.00     8.00
   443    94.16   -17.92     0.00  1   665.00     8.69  9999.00    90.00    11.00
   444    95.23   -17.88     0.00  1   670.00     9.07  9999.00    75.00    11.00
   445    96.20   -17.84     0.00  1   658.00     8.26  9999.00    70.00     8.00
   446    98.01   -17.87     0.00  1   636.00     6.74  9999.00   347.00     6.00
   447   103.12   -17.94     0.00  1   690.00    10.68  9999.00    42.00     3.00
   448   115.89   -17.91     0.00  1   404.00   -16.42  9999.00   299.00    13.00
   449   116.80   -17.74     0.00  1   403.00   -16.76  9999.00   313.00    17.00
   450   117.85   -17.82     0.00  1   411.00   -15.76  9999.00   313.00    18.00
   451   118.77   -17.85     0.00  1   446.00   -11.43  9999.00   301.00    24.00
   452   133.11   -17.87     0.00  1   652.00     4.80  9999.00    50.00     4.00
   453    49.03   -18.99     0.00  1   654.00     4.67  9999.00   235.00     5.00
   454    88.18   -18.92     0.00  1   696.00    10.31  9999.00    90.00     8.00
   455    90.20   -18.93     0.00  1   692.00    10.06  9999.00    90.00    10.00
   456    91.21   -18.94     0.00  1   687.00     9.69  9999.00    90.00    10.00
   457    92.22   -18.94     0.00  1   683.00     9.44  9999.00    90.00    10.00
   458    93.20   -19.00     0.00  1   666.00     8.39  9999.00    90.00    10.00
   459    94.17   -19.01     0.00  1   661.00     8.14  9999.00    90.00    11.00
   460    95.24   -18.87     0.00  1   655.00     7.76  9999.00    90.00    11.00
   461    96.17   -18.88     0.00  1   645.00     7.12  9999.00    75.00    11.00
   462    97.10   -18.89     0.00  1   646.00     7.12  9999.00    40.00     7.00
   463    98.09   -18.90     0.00  1   677.00     9.44  9999.00    41.00     3.00
   464    99.13   -18.82     0.00  1   690.00    10.43  9999.00    19.00     6.00
   465   100.08   -18.88     0.00  1   692.00    10.68  9999.00   360.00     5.00
   466   115.80   -18.81     0.00  1   446.00   -11.74  9999.00   307.00    20.00
   467   116.75   -18.79     0.00  1   407.00   -16.59  9999.00   301.00    18.00
   468   120.97   -18.78     0.00  1   438.00   -12.21  9999.00   326.00    11.00
   469   124.99   -18.78     0.00  1   686.00     6.48  9999.00   317.00     8.00
   470   125.99   -18.82     0.00  1   615.00     1.88  9999.00   341.00     9.00
   471   127.01   -18.86     0.00  1   612.00     1.88  9999.00   341.00     6.00
   472   129.02   -18.84     0.00  1   605.00     0.99  9999.00   339.00     3.00
   473   130.99   -18.87     0.00  1   653.00     4.00  9999.00   340.00     3.00
   474   132.02   -18.81     0.00  1   694.00     7.07  9999.00   340.00     3.00
   475    48.00   -20.01     0.00  1   646.00     3.48  9999.00   200.00     3.00
   476    48.92   -19.97     0.00  1   635.00     3.62  9999.00   198.00     6.00
   477    86.16   -19.92     0.00  1   688.00     8.81  9999.00    70.00     8.00
   478    87.17   -19.92     0.00  1   669.00     7.76  9999.00    69.00     8.00
   479    88.19   -19.92     0.00  1   669.00     7.76  9999.00    90.00     8.00
   480    89.20   -19.92     0.00  1   667.00     7.63  9999.00    90.00    10.00
   481    90.22   -19.92     0.00  1   668.00     7.76  9999.00    90.00    10.00
   482    91.24   -19.93     0.00  1   675.00     8.26  9999.00    90.00    10.00
   483    92.22   -19.94     0.00  1   696.00     9.69  9999.00    90.00    10.00
   484    93.24   -19.94     0.00  1   676.00     8.51  9999.00    90.00    10.00
   485    94.22   -19.95     0.00  1   667.00     8.01  9999.00    90.00    10.00
   486    95.26   -19.96     0.00  1   659.00     7.50  9999.00    90.00    11.00
   487    96.19   -19.92     0.00  1   651.00     6.86  9999.00    90.00    11.00
   488    97.18   -19.89     0.00  1   650.00     6.74  9999.00    90.00     8.00
   489    98.18   -19.90     0.00  1   656.00     7.12  9999.00    90.00     8.00
   490    99.18   -19.92     0.00  1   665.00     7.76  9999.00    70.00     8.00
   491   100.19   -19.93     0.00  1   679.00     8.94  9999.00    70.00     8.00
   492   101.21   -20.00     0.00  1   683.00     9.32  9999.00    91.00     5.00
   493   102.13   -19.97     0.00  1   673.00     8.39  9999.00   117.00     6.00
   494   103.17   -20.04     0.00  1   673.00     8.39  9999.00   117.00     6.00
   495   104.16   -20.06     0.00  1   689.00     9.81  9999.00   122.00    11.00
   496   121.06   -19.75     0.00  1   401.00   -15.43  9999.00   313.00    13.00
   497   121.72   -19.78     0.00  1   438.00   -12.85  9999.00   310.00    19.00
   498   125.90   -19.79     0.00  1   629.00     2.42  9999.00   322.00    12.00
   499   126.91   -19.78     0.00  1   598.00     0.66  9999.00   321.00    12.00
   500   127.89   -19.82     0.00  1   585.00    -0.30  9999.00   314.00     9.00
   501   128.95   -19.81     0.00  1   590.00    -0.02  9999.00   313.00     9.00
   502   129.89   -19.86     0.00  1   596.00     0.39  9999.00   312.00     9.00
   503   130.95   -19.90     0.00  1   695.00     6.99  9999.00   337.00     6.00
   504   131.90   -19.84     0.00  1   698.00     6.99  9999.00   335.00     7.00
   505   132.99   -19.84     0.00  1   700.00     7.12  9999.00   336.00    10.00
   506    86.15   -20.87     0.00  1   689.00     7.88  9999.00    89.00     8.00
   507    87.18   -20.92     0.00  1   676.00     7.25  9999.00    90.00     8.00
   508    88.20   -20.87     0.00  1   667.00     6.86  9999.00    69.00     8.00
   509    89.18   -20.87     0.00  1   668.00     6.99  9999.00    69.00     8.00
   510    90.20   -20.93     0.00  1   664.00     6.86  9999.00    90.00     8.00
   511    91.23   -20.93     0.00  1   666.00     7.12  9999.00    90.00    10.00
   512    92.21   -20.94     0.00  1   667.00     7.25  9999.00    90.00    11.00
   513    93.20   -20.95     0.00  1   677.00     8.01  9999.00    90.00    10.00
   514    94.18   -20.96     0.00  1   677.00     8.14  9999.00    90.00    11.00
   515    95.17   -20.97     0.00  1   671.00     7.76  9999.00    90.00    11.00
   516    98.18   -21.01     0.00  1   665.00     7.12  9999.00   109.00     9.00
   517    99.18   -20.92     0.00  1   673.00     7.76  9999.00    90.00     8.00
   518   100.20   -20.99     0.00  1   677.00     8.01  9999.00    91.00    11.00
   519   101.17   -21.01     0.00  1   677.00     8.01  9999.00   109.00     9.00
   520   102.15   -20.98     0.00  1   679.00     8.14  9999.00   117.00     6.00
   521   103.14   -21.00     0.00  1   679.00     8.01  9999.00   117.00     6.00
   522   104.08   -21.02     0.00  1   683.00     8.39  9999.00   117.00     7.00
   523   122.63   -20.74     0.00  1   400.00   -17.65  9999.00   298.00    21.00
   524   125.84   -20.77     0.00  1   699.00     6.74  9999.00   310.00    15.00
   525   126.92   -20.77     0.00  1   628.00     2.42  9999.00   321.00    12.00
   526   127.81   -20.75     0.00  1   584.00    -0.99  9999.00   320.00    12.00
   527   128.82   -20.80     0.00  1   574.00    -1.68  9999.00   319.00    12.00
   528   129.85   -20.85     0.00  1   580.00    -1.26  9999.00   319.00    13.00
   529   130.86   -20.79     0.00  1   631.00     2.15  9999.00   312.00     9.00
   530   131.87   -20.83     0.00  1   645.00     2.95  9999.00   310.00    10.00
   531    87.18   -21.93     0.00  1   694.00     7.63  9999.00    90.00     8.00
   532    88.17   -21.93     0.00  1   684.00     7.25  9999.00    90.00     8.00
   533    89.20   -21.94     0.00  1   682.00     7.25  9999.00    90.00     8.00
   534    90.18   -21.94     0.00  1   674.00     6.86  9999.00    90.00     8.00
   535    91.17   -21.95     0.00  1   675.00     7.12  9999.00    90.00    10.00
   536    92.21   -21.95     0.00  1   673.00     7.12  9999.00    90.00    10.00
   537    93.20   -21.91     0.00  1   674.00     7.25  9999.00    90.00     8.00
   538    94.19   -21.92     0.00  1   684.00     8.01  9999.00    90.00    11.00
   539    95.19   -21.93     0.00  1   697.00     9.07  9999.00    90.00    11.00
   540    96.20   -22.00     0.00  1   690.00     8.51  9999.00   105.00    11.00
   541    97.21   -22.01     0.00  1   677.00     7.37  9999.00   110.00     9.00
   542    98.22   -21.97     0.00  1   679.00     7.50  9999.00   110.00     9.00
   543    99.18   -21.99     0.00  1   690.00     8.39  9999.00   109.00     9.00
   544   100.21   -22.01     0.00  1   688.00     8.14  9999.00   110.00     9.00
   545   101.19   -21.98     0.00  1   687.00     8.01  9999.00   109.00     9.00
   546   102.12   -22.00     0.00  1   688.00     8.01  9999.00   117.00     6.00
   547   103.16   -21.97     0.00  1   693.00     8.26  9999.00   133.00     9.00
   548   104.17   -21.99     0.00  1   695.00     8.26  9999.00   133.00     9.00
   549   130.77   -21.78     0.00  1   614.00     0.12  9999.00   311.00    10.00
   550   131.78   -21.83     0.00  1   623.00     0.80  9999.00   310.00    10.00
   551   132.70   -21.83     0.00  1   639.00     2.15  9999.00   298.00    14.00
   552    88.13   -22.96     0.00  1   699.00     7.88  9999.00    90.00     8.00
   553    90.16   -22.92     0.00  1   698.00     8.26  9999.00    90.00     8.00
   554    91.21   -22.92     0.00  1   673.00     6.74  9999.00    90.00    10.00
   555    92.21   -22.93     0.00  1   667.00     6.35  9999.00    90.00    11.00
   556    93.21   -22.94     0.00  1   665.00     6.22  9999.00    90.00     8.00
   557    94.21   -22.95     0.00  1   668.00     6.35  9999.00    90.00    11.00
   558    95.17   -22.96     0.00  1   682.00     7.50  9999.00    90.00     8.00
   559    97.19   -22.99     0.00  1   697.00     8.69  9999.00    90.00     8.00
   560    99.19   -22.97     0.00  1   696.00     8.51  9999.00   110.00     9.00
   561   100.17   -22.99     0.00  1   678.00     6.86  9999.00   110.00     9.00
   562   101.16   -23.01     0.00  1   679.00     6.86  9999.00   110.00     9.00
   563   102.15   -22.98     0.00  1   682.00     6.99  9999.00   109.00     9.00
   564   103.16   -23.00     0.00  1   690.00     7.50  9999.00   109.00     9.00
   565    90.20   -23.90     0.00  1   673.00     5.97  9999.00    69.00     8.00
   566    91.20   -23.91     0.00  1   663.00     5.32  9999.00    69.00     8.00
   567    92.20   -23.86     0.00  1   663.00     5.32  9999.00    90.00    11.00
   568    93.16   -23.92     0.00  1   667.00     5.58  9999.00    90.00    11.00
   569    94.12   -23.93     0.00  1   669.00     5.71  9999.00    90.00     8.00
   570    95.14   -23.89     0.00  1   668.00     5.58  9999.00    69.00     8.00
   571    96.21   -23.91     0.00  1   668.00     5.58  9999.00    69.00     8.00
   572    97.18   -23.92     0.00  1   673.00     5.97  9999.00    69.00     8.00
   573    98.21   -23.94     0.00  1   674.00     5.97  9999.00    91.00     8.00
   574    99.20   -23.96     0.00  1   674.00     5.84  9999.00    91.00     8.00
   575   100.13   -23.92     0.00  1   675.00     5.71  9999.00    91.00     5.00
   576   101.13   -23.94     0.00  1   676.00     5.71  9999.00    91.00     5.00
   577   102.12   -23.91     0.00  1   684.00     6.22  9999.00    91.00     8.00
   578   103.14   -23.94     0.00  1   699.00     7.25  9999.00    91.00     8.00
   579    87.10   -24.83     0.00  1   699.00     6.22  9999.00    23.00     6.00
   580    88.16   -24.89     0.00  1   680.00     5.32  9999.00    59.00     6.00
   581    89.12   -24.89     0.00  1   665.00     4.54  9999.00    59.00     6.00
   582    90.13   -24.90     0.00  1   663.00     4.54  9999.00    69.00     8.00
   583    91.19   -24.90     0.00  1   664.00     4.67  9999.00    90.00     5.00
   584    92.21   -24.91     0.00  1   667.00     4.93  9999.00    90.00     8.00
   585    97.12   -24.87     0.00  1   674.00     5.32  9999.00    69.00     8.00
   586    99.16   -24.96     0.00  1   679.00     5.32  9999.00    91.00     5.00
   587   100.16   -24.98     0.00  1   681.00     5.19  9999.00   134.00     4.00
   588   102.11   -24.91     0.00  1   687.00     5.32  9999.00    91.00     8.00
   589   103.14   -24.94     0.00  1   693.00     5.58  9999.00    91.00     5.00
   590    87.11   -25.90     0.00  1   691.00     4.93  9999.00    41.00     4.00
   591    88.02   -25.90     0.00  1   681.00     4.67  9999.00    41.00     4.00
   592    89.14   -25.90     0.00  1   673.00     4.41  9999.00    59.00     6.00
   593    90.21   -25.85     0.00  1   671.00     4.41  9999.00    68.00     8.00
   594    91.13   -25.91     0.00  1   671.00     4.41  9999.00    90.00     5.00
   595    92.21   -25.87     0.00  1   671.00     4.41  9999.00    90.00     5.00
   596    93.19   -25.93     0.00  1   675.00     4.67  9999.00    90.00     8.00
   597    94.17   -25.94     0.00  1   678.00     4.93  9999.00    90.00     8.00
   598    99.87   -25.98     0.00  1   692.00     4.93  9999.00   271.00    11.00
   599   100.86   -25.84     0.00  1   694.00     4.93  9999.00   271.00    11.00
   600   102.13   -26.03     0.00  1   697.00     4.93  9999.00   136.00     4.00
   601   103.14   -25.95     0.00  1   696.00     4.54  9999.00   118.00     7.00
   602   104.12   -25.93     0.00  1   699.00     4.54  9999.00   117.00     7.00
   603   108.03   -25.99     0.00  1   699.00     4.14  9999.00   133.00     4.00
   604    46.90   -27.02     0.00  1   696.00     5.32  9999.00   225.00    10.00
   605    47.92   -27.07     0.00  1   693.00     5.45  9999.00   224.00     9.00
   606    48.78   -26.97     0.00  1   692.00     5.71  9999.00   223.00     9.00
   607    49.79   -26.97     0.00  1   690.00     5.84  9999.00   252.00    13.00
   608    88.09   -26.86     0.00  1   689.00     4.54  9999.00    40.00     4.00
   609    89.07   -26.87     0.00  1   685.00     4.54  9999.00    59.00     6.00
   610    90.10   -26.87     0.00  1   684.00     4.54  9999.00    90.00     5.00
   611    93.63   -27.12     0.00  1   672.00     3.48  9999.00   254.00    22.00
   612    96.08   -26.99     0.00  1   692.00     4.93  9999.00   119.00     6.00
   613    45.95   -28.08     0.00  1   700.00     5.32  9999.00   205.00    11.00
   614    46.88   -28.08     0.00  1   697.00     5.32  9999.00   205.00    11.00
   615    47.82   -28.03     0.00  1   693.00     5.32  9999.00   236.00    13.00
   616    48.83   -28.08     0.00  1   689.00     5.32  9999.00   235.00    13.00
   617    49.78   -28.09     0.00  1   681.00     5.06  9999.00   252.00    13.00
   618    50.73   -28.04     0.00  1   672.00     4.54  9999.00   252.00    13.00
   619    51.74   -27.98     0.00  1   666.00     4.27  9999.00   251.00    13.00
   620    52.77   -27.99     0.00  1   676.00     5.06  9999.00   266.00    11.00
   621    54.70   -27.89     0.00  1   653.00     3.22  9999.00   278.00    16.00
   622    55.76   -27.84     0.00  1   678.00     5.19  9999.00   291.00    16.00
   623    89.09   -27.85     0.00  1   694.00     4.80  9999.00    59.00     6.00
   624    90.08   -27.85     0.00  1   691.00     4.67  9999.00    59.00     6.00
   625    91.07   -27.92     0.00  1   678.00     4.50  9999.00    90.00     2.00
   626    95.06   -27.91     0.00  1   690.00     4.27  9999.00    90.00     5.00
   627    48.79   -29.05     0.00  1   698.00     5.71  9999.00   235.00    13.00
   628    49.75   -29.05     0.00  1   682.00     4.80  9999.00   242.00    16.00
   629    50.71   -29.00     0.00  1   671.00     4.01  9999.00   255.00    17.00
   630    51.70   -29.00     0.00  1   664.00     3.62  9999.00   266.00    15.00
   631    52.70   -28.95     0.00  1   666.00     3.75  9999.00   266.00    14.00
   632    55.78   -28.85     0.00  1   667.00     3.48  9999.00   297.00    19.00
   633    56.71   -28.80     0.00  1   666.00     3.35  9999.00   298.00    19.00
   634    87.02   -28.89     0.00  1   694.00     3.35  9999.00    38.00     4.00
   635    88.02   -28.84     0.00  1   687.00     3.22  9999.00    22.00     7.00
   636    89.07   -28.79     0.00  1   681.00     2.95  9999.00    20.00     7.00
   637    89.60   -29.07     0.00  1   646.00     0.25  9999.00   245.00    23.00
   638    48.74   -30.14     0.00  1   699.00     5.06  9999.00   228.00    17.00
   639    49.77   -30.03     0.00  1   687.00     4.41  9999.00   241.00    16.00
   640    50.72   -30.03     0.00  1   689.00     4.67  9999.00   254.00    17.00
   641    51.67   -29.97     0.00  1   678.00     4.01  9999.00   266.00    15.00
   642    52.69   -29.92     0.00  1   669.00     3.22  9999.00   266.00    14.00
   643    53.72   -29.92     0.00  1   672.00     3.22  9999.00   266.00    14.00
   644    54.70   -29.87     0.00  1   683.00     4.01  9999.00   281.00    13.00
   645    55.66   -29.82     0.00  1   670.00     2.82  9999.00   298.00    19.00
   646    56.71   -29.82     0.00  1   664.00     2.15  9999.00   298.00    19.00
   647    57.68   -29.83     0.00  1   672.00     2.55  9999.00   298.00    19.00
   648    90.60   -30.09     0.00  1   686.00     2.29  9999.00   245.00    23.00
   649    48.73   -31.14     0.00  1   681.00     2.82  9999.00   235.00    20.00
   650    49.66   -31.08     0.00  1   670.00     2.15  9999.00   246.00    20.00
   651    51.70   -30.96     0.00  1   670.00     2.42  9999.00   266.00    18.00
   652    52.69   -30.96     0.00  1   663.00     1.75  9999.00   266.00    14.00
   653    53.70   -30.90     0.00  1   664.00     1.48  9999.00   281.00    13.00
   654    54.73   -30.91     0.00  1   680.00     2.69  9999.00   291.00    16.00
   655    55.66   -30.80     0.00  1   673.00     2.02  9999.00   292.00    16.00
   656    56.68   -30.75     0.00  1   619.00    -2.53  9999.00   305.00    16.00
   657    57.66   -30.76     0.00  1   597.00    -4.24  9999.00   299.00    19.00
   658    58.63   -30.77     0.00  1   602.00    -3.95  9999.00   299.00    19.00
   659    87.89   -30.88     0.00  1   663.00    -0.02  9999.00   292.00     9.00
   660    88.91   -30.88     0.00  1   685.00     1.61  9999.00   318.00     4.00
   661    90.04   -30.89     0.00  1   699.00     2.55  9999.00   360.00     3.00
   662   115.82   -31.01     0.00  1   695.00    -3.66  9999.00   241.00    13.00
   663   125.78   -30.82     0.00  1   590.00   -11.12  9999.00   313.00    11.00
   664    47.64   -32.21     0.00  1   700.00     3.62  9999.00   231.00    25.00
   665    48.61   -32.15     0.00  1   623.00    -1.54  9999.00   240.00    24.00
   666    52.74   -31.90     0.00  1   667.00     1.48  9999.00   266.00    14.00
   667    53.76   -31.84     0.00  1   634.00    -1.68  9999.00   298.00    13.00
   668    54.73   -31.85     0.00  1   634.00    -1.82  9999.00   305.00    16.00
   669    55.71   -31.79     0.00  1   647.00    -0.71  9999.00   305.00    16.00
   670    57.71   -31.81     0.00  1   576.00    -6.42  9999.00   299.00    19.00
   671    58.60   -31.70     0.00  1   597.00    -4.81  9999.00   300.00    19.00
   672    78.74   -31.86     0.00  1   661.00    -2.81  9999.00   269.00    16.00
   673    79.62   -31.90     0.00  1   578.00    -8.36  9999.00   269.00    16.00
   674    80.55   -31.95     0.00  1   588.00    -7.01  9999.00   287.00    11.00
   675    81.70   -31.88     0.00  1   606.00    -4.96  9999.00   269.00    13.00
   676    82.63   -31.99     0.00  1   648.00    -2.24  9999.00   269.00    13.00
   677    83.83   -31.81     0.00  1   618.00    -3.95  9999.00   269.00    11.00
   678    85.68   -31.92     0.00  1   424.00   -24.35  9999.00   270.00    11.00
   679    86.66   -31.98     0.00  1   458.00   -19.05  9999.00   258.00    16.00
   680    87.75   -31.86     0.00  1   441.00   -22.06  9999.00   270.00    13.00
   681   115.88   -32.13     0.00  1   692.00    -3.80  9999.00   197.00    10.00
   682   117.78   -32.00     0.00  1   665.00    -6.13  9999.00   252.00     9.00
   683   118.82   -31.99     0.00  1   679.00    -5.10  9999.00   241.00     6.00
   684   119.80   -31.99     0.00  1   696.00    -3.66  9999.00   213.00     8.00
   685   124.81   -31.82     0.00  1   650.00    -8.21  9999.00   303.00    14.00
   686   125.71   -31.76     0.00  1   596.00   -11.74  9999.00   303.00    14.00
   687   126.70   -31.82     0.00  1   552.00   -13.49  9999.00   302.00    15.00
   688   127.72   -31.89     0.00  1   537.00   -13.97  9999.00   292.00    11.00
   689   128.69   -31.83     0.00  1   527.00   -13.81  9999.00   291.00    12.00
   690    47.81   -33.22     0.00  1   681.00     1.21  9999.00   225.00    22.00
   691    48.79   -33.28     0.00  1   587.00    -4.96  9999.00   224.00    22.00
   692    52.77   -32.85     0.00  1   636.00    -2.10  9999.00   281.00    13.00
   693    53.72   -32.80     0.00  1   611.00    -4.52  9999.00   292.00    16.00
   694    77.58   -32.88     0.00  1   598.00    -6.71  9999.00   279.00    19.00
   695    78.52   -32.92     0.00  1   580.00    -8.66  9999.00   269.00    19.00
   696    79.59   -32.91     0.00  1   573.00    -9.27  9999.00   269.00    22.00
   697    84.73   -32.86     0.00  1   459.00   -20.22  9999.00   269.00    13.00
   698    86.66   -32.98     0.00  1   445.00   -21.45  9999.00   258.00    17.00
   699    87.76   -32.86     0.00  1   433.00   -23.43  9999.00   284.00    14.00
   700   116.70   -32.95     0.00  1   633.00    -8.36  9999.00   257.00    13.00
   701   117.63   -32.88     0.00  1   605.00   -10.96  9999.00   286.00    16.00
   702   118.79   -32.83     0.00  1   617.00   -10.19  9999.00   274.00    11.00
   703   119.84   -32.95     0.00  1   650.00    -7.61  9999.00   253.00    10.00
   704   120.81   -33.01     0.00  1   684.00    -4.52  9999.00   253.00    10.00
   705   124.67   -32.77     0.00  1   613.00   -10.80  9999.00   304.00    14.00
   706   125.70   -32.77     0.00  1   573.00   -13.97  9999.00   303.00    15.00
   707   126.67   -32.78     0.00  1   570.00   -14.13  9999.00   302.00    15.00
   708   127.70   -32.85     0.00  1   569.00   -14.13  9999.00   292.00    12.00
   709   128.67   -32.91     0.00  1   587.00   -12.69  9999.00   291.00    12.00
   710   129.71   -32.93     0.00  1   634.00    -9.11  9999.00   291.00    12.00
   711    47.95   -34.25     0.00  1   700.00     1.48  9999.00   197.00    19.00
   712    52.74   -33.88     0.00  1   595.00    -5.98  9999.00   281.00    13.00
   713    53.68   -33.89     0.00  1   595.00    -6.13  9999.00   281.00    13.00
   714    79.50   -33.87     0.00  1   692.00    -1.26  9999.00   269.00    22.00
   715    86.66   -34.00     0.00  1   452.00   -21.45  9999.00   257.00    17.00
   716    87.78   -33.94     0.00  1   477.00   -18.45  9999.00   270.00    11.00
   717    88.84   -33.94     0.00  1   459.00   -21.36  9999.00   246.00     8.00
   718    90.85   -33.90     0.00  1   628.00    -4.81  9999.00   293.00     9.00
   719    91.86   -33.91     0.00  1   586.00    -7.91  9999.00   270.00     8.00
   720    92.88   -33.92     0.00  1   596.00    -6.57  9999.00   270.00     5.00
   721   118.69   -33.79     0.00  1   584.00   -12.21  9999.00   300.00    16.00
   722   119.72   -33.85     0.00  1   595.00   -11.74  9999.00   289.00    13.00
   723   120.78   -33.92     0.00  1   647.00    -7.76  9999.00   274.00    11.00
   724   125.72   -33.81     0.00  1   584.00   -13.33  9999.00   297.00    19.00
   725   126.65   -33.75     0.00  1   576.00   -14.13  9999.00   288.00    16.00
   726   127.70   -33.82     0.00  1   575.00   -14.13  9999.00   287.00    16.00
   727   128.69   -33.89     0.00  1   577.00   -13.97  9999.00   275.00    13.00
   728    80.66   -34.83     0.00  1   694.00    -1.13  9999.00   293.00    17.00
   729    86.72   -34.92     0.00  1   427.00   -24.90  9999.00   270.00    14.00
   730    87.80   -34.92     0.00  1   482.00   -18.49  9999.00   270.00    11.00
   731    88.81   -34.86     0.00  1   434.00   -25.67  9999.00   270.00     8.00
   732    89.83   -34.87     0.00  1   668.00    -2.67  9999.00   310.00    11.00
   733    90.86   -34.87     0.00  1   617.00    -6.13  9999.00   294.00     9.00
   734    91.88   -34.88     0.00  1   591.00    -7.76  9999.00   270.00     8.00
   735    92.85   -34.96     0.00  1   602.00    -6.42  9999.00   270.00     5.00
   736   114.92   -35.11     0.00  1   673.00    -5.25  9999.00   210.00    12.00
   737   116.85   -35.10     0.00  1   633.00    -8.51  9999.00   209.00    12.00
   738   117.84   -35.09     0.00  1   624.00    -8.96  9999.00   227.00    10.00
   739   120.77   -34.84     0.00  1   589.00   -11.58  9999.00   289.00    14.00
   740   121.78   -34.90     0.00  1   649.00    -7.31  9999.00   289.00    14.00
   741   122.78   -34.91     0.00  1   664.00    -6.13  9999.00   289.00    14.00
   742   126.63   -34.80     0.00  1   635.00    -8.66  9999.00   297.00    19.00
   743   127.69   -34.87     0.00  1   598.00   -11.58  9999.00   288.00    16.00
   744   128.59   -34.81     0.00  1   602.00   -11.43  9999.00   287.00    17.00
   745   129.62   -34.89     0.00  1   686.00    -4.96  9999.00   275.00    19.00
   746    60.71   -35.72     0.00  1   472.00   -20.57  9999.00   318.00    14.00
   747    61.77   -35.73     0.00  1   473.00   -20.74  9999.00   318.00    14.00
   748    64.79   -35.78     0.00  1   698.00    -0.99  9999.00   314.00    10.00
   749    79.60   -35.77     0.00  1   565.00   -10.80  9999.00   294.00    17.00
   750    80.70   -35.76     0.00  1   563.00   -11.12  9999.00   298.00    15.00
   751    86.67   -35.91     0.00  1   424.00   -25.65  9999.00   270.00    14.00
   752    88.79   -35.79     0.00  1   459.00   -21.24  9999.00   303.00    13.00
   753    89.82   -35.86     0.00  1   589.00    -8.81  9999.00   303.00    13.00
   754   115.93   -36.11     0.00  1   646.00    -7.76  9999.00   208.00    12.00
   755   116.85   -36.10     0.00  1   589.00   -12.69  9999.00   209.00    12.00
   756   118.76   -36.03     0.00  1   608.00   -10.57  9999.00   227.00    10.00
   757   120.66   -35.71     0.00  1   518.00   -16.98  9999.00   306.00    21.00
   758   121.68   -35.77     0.00  1   559.00   -13.33  9999.00   295.00    10.00
   759   122.61   -35.77     0.00  1   568.00   -12.53  9999.00   299.00    18.00
   760   123.63   -35.78     0.00  1   570.00   -12.37  9999.00   294.00    11.00
   761    47.09   -37.29     0.00  1   652.00    -4.81  9999.00   190.00    20.00
   762    61.77   -36.75     0.00  1   489.00   -19.04  9999.00   303.00    12.00
   763    64.84   -36.79     0.00  1   683.00    -2.39  9999.00   304.00    12.00
   764    65.80   -36.81     0.00  1   691.00    -2.39  9999.00   285.00    11.00
   765    79.61   -36.79     0.00  1   556.00   -11.58  9999.00   294.00    18.00
   766    80.73   -36.77     0.00  1   559.00   -11.58  9999.00   298.00    15.00
   767    81.67   -36.76     0.00  1   628.00    -5.98  9999.00   310.00    17.00
   768    88.82   -36.80     0.00  1   421.00   -25.67  9999.00   304.00    13.00
   769    89.76   -36.87     0.00  1   428.00   -24.69  9999.00   304.00    14.00
   770    90.81   -36.95     0.00  1   433.00   -24.04  9999.00   303.00     7.00
   771   116.86   -37.13     0.00  1   638.00    -8.51  9999.00   189.00    11.00
   772   117.88   -37.13     0.00  1   574.00   -13.97  9999.00   189.00    11.00
   773   121.64   -36.73     0.00  1   519.00   -16.76  9999.00   312.00    19.00
   774   125.73   -36.82     0.00  1   653.00    -6.42  9999.00   298.00    20.00
   775    36.47   -38.21     0.00  1   678.00    -4.09  9999.00   237.00    26.00
   776    48.18   -38.32     0.00  1   572.00   -11.12  9999.00   154.00    16.00
   777    61.83   -37.78     0.00  1   447.00   -25.01  9999.00   304.00    12.00
   778    63.89   -37.81     0.00  1   689.00    -2.24  9999.00   315.00    10.00
   779    64.83   -37.76     0.00  1   583.00   -10.80  9999.00   285.00    12.00
   780    65.73   -37.79     0.00  1   579.00   -11.74  9999.00   286.00    11.00
   781    79.68   -37.82     0.00  1   613.00    -7.46  9999.00   294.00    18.00
   782    80.70   -37.80     0.00  1   593.00    -9.42  9999.00   311.00    17.00
   783    82.60   -37.72     0.00  1   439.00   -24.34  9999.00   305.00    20.00
   784    89.80   -37.78     0.00  1   457.00   -21.68  9999.00   304.00    14.00
   785    90.87   -37.85     0.00  1   600.00    -7.61  9999.00   304.00     7.00
   786    91.88   -37.86     0.00  1   572.00   -10.19  9999.00   304.00     7.00
   787    92.89   -37.88     0.00  1   558.00   -11.58  9999.00   304.00     7.00
   788    93.85   -37.89     0.00  1   594.00    -8.36  9999.00   303.00     7.00
   789   112.96   -38.14     0.00  1   698.00    -3.66  9999.00   190.00    11.00
   790   113.87   -38.12     0.00  1   689.00    -4.09  9999.00   190.00    11.00
   791   114.92   -38.12     0.00  1   685.00    -3.95  9999.00   188.00    11.00
   792   115.93   -38.11     0.00  1   699.00    -2.10  9999.00   190.00    11.00
   793   116.87   -38.11     0.00  1   685.00    -3.66  9999.00   190.00    11.00
   794   117.90   -38.11     0.00  1   674.00    -4.96  9999.00   188.00    11.00
   795   122.62   -37.77     0.00  1   569.00   -13.01  9999.00   311.00    19.00
   796   125.50   -37.78     0.00  1   492.00   -19.35  9999.00   298.00    20.00
   797   126.63   -37.80     0.00  1   566.00   -12.53  9999.00   297.00    21.00
   798    36.59   -39.07     0.00  1   413.00   -32.95  9999.00   246.00    27.00
   799    39.73   -38.93     0.00  1   448.00   -27.93  9999.00   218.00    16.00
   800    49.19   -39.11     0.00  1   479.00   -20.92  9999.00   155.00    16.00
   801    61.82   -38.77     0.00  1   470.00   -22.64  9999.00   305.00    12.00
   802    63.82   -38.87     0.00  1   458.00   -24.95  9999.00   292.00     9.00
   803    80.73   -38.79     0.00  1   619.00    -7.31  9999.00   311.00    17.00
   804    81.64   -38.71     0.00  1   473.00   -20.57  9999.00   311.00    18.00
   805    89.80   -38.83     0.00  1   527.00   -14.78  9999.00   312.00    12.00
   806    90.93   -38.78     0.00  1   563.00   -11.58  9999.00   322.00    10.00
   807    91.90   -38.79     0.00  1   576.00   -10.34  9999.00   322.00    10.00
   808    92.93   -38.80     0.00  1   598.00    -8.36  9999.00   304.00     7.00
   809    93.90   -38.82     0.00  1   599.00    -8.36  9999.00   304.00     7.00
   810   111.95   -39.15     0.00  1   691.00    -5.83  9999.00   191.00    12.00
   811   112.93   -39.13     0.00  1   686.00    -5.83  9999.00   191.00    12.00
   812   113.99   -39.13     0.00  1   688.00    -5.25  9999.00   190.00    12.00
   813   114.92   -39.12     0.00  1   683.00    -4.81  9999.00   190.00    12.00
   814   115.94   -39.11     0.00  1   682.00    -4.24  9999.00   190.00    12.00
   815   117.86   -39.10     0.00  1   684.00    -3.66  9999.00   187.00    12.00
   816   118.93   -39.10     0.00  1   673.00    -4.81  9999.00   187.00    12.00
   817   119.93   -39.11     0.00  1   689.00    -3.38  9999.00   189.00    12.00
   818   123.54   -38.76     0.00  1   619.00    -8.96  9999.00   295.00    23.00
   819   125.52   -38.71     0.00  1   518.00   -17.48  9999.00   298.00    20.00
   820   126.53   -38.79     0.00  1   516.00   -17.48  9999.00   298.00    21.00
   821   127.55   -38.73     0.00  1   574.00   -12.37  9999.00   297.00    22.00
   822   128.55   -38.74     0.00  1   676.00    -4.38  9999.00   288.00    18.00
   823    58.88   -39.81     0.00  1   452.00   -24.90  9999.00   317.00    10.00
   824    59.84   -39.75     0.00  1   490.00   -20.05  9999.00   317.00    10.00
   825    60.83   -39.77     0.00  1   607.00    -8.81  9999.00   305.00    12.00
   826    61.77   -39.85     0.00  1   573.00   -12.06  9999.00   285.00    12.00
   827    66.83   -39.80     0.00  1   495.00   -21.99  9999.00   317.00    10.00
   828    78.54   -39.77     0.00  1   695.00    -1.40  9999.00   292.00    20.00
   829    79.52   -39.82     0.00  1   700.00    -0.99  9999.00   292.00    20.00
   830    80.70   -39.73     0.00  1   634.00    -6.27  9999.00   312.00    18.00
   831    89.85   -39.77     0.00  1   522.00   -15.60  9999.00   313.00    12.00
   832    90.89   -39.78     0.00  1   536.00   -14.29  9999.00   323.00    10.00
   833    91.93   -39.80     0.00  1   545.00   -13.49  9999.00   323.00    10.00
   834    92.92   -39.88     0.00  1   657.00    -4.81  9999.00   336.00     9.00
   835    93.90   -39.83     0.00  1   674.00    -3.95  9999.00   304.00     7.00
   836   111.89   -40.09     0.00  1   678.00    -6.42  9999.00   190.00    12.00
   837   112.91   -40.15     0.00  1   677.00    -6.57  9999.00   190.00    12.00
   838   113.99   -40.15     0.00  1   675.00    -6.71  9999.00   190.00    12.00
   839   114.93   -40.14     0.00  1   673.00    -6.57  9999.00   189.00    12.00
   840   115.89   -40.13     0.00  1   672.00    -5.98  9999.00   189.00    12.00
   841   116.94   -40.13     0.00  1   685.00    -3.95  9999.00   204.00    13.00
   842   117.93   -40.12     0.00  1   681.00    -3.95  9999.00   204.00    13.00
   843   118.93   -40.12     0.00  1   684.00    -3.52  9999.00   203.00    12.00
   844   124.54   -39.78     0.00  1   682.00    -3.66  9999.00   287.00    20.00
   845   125.59   -39.79     0.00  1   609.00    -9.88  9999.00   298.00    21.00
   846   126.56   -39.80     0.00  1   544.00   -15.27  9999.00   298.00    21.00
   847   127.49   -39.74     0.00  1   546.00   -15.11  9999.00   297.00    22.00
   848   128.51   -39.75     0.00  1   589.00   -11.43  9999.00   297.00    23.00
   849   129.56   -39.77     0.00  1   648.00    -7.01  9999.00   296.00    23.00
   850   130.56   -39.72     0.00  1   663.00    -5.98  9999.00   288.00    19.00
   851    38.73   -41.01     0.00  1   411.00   -33.79  9999.00   240.00    21.00
   852    39.71   -40.99     0.00  1   446.00   -29.30  9999.00   251.00    20.00
   853    57.83   -40.84     0.00  1   443.00   -26.21  9999.00   305.00    12.00
   854    58.79   -40.85     0.00  1   456.00   -24.53  9999.00   292.00     9.00
   855    59.84   -40.79     0.00  1   574.00   -12.06  9999.00   292.00     9.00
   856    60.81   -40.87     0.00  1   582.00   -11.27  9999.00   285.00    12.00
   857    61.81   -40.88     0.00  1   560.00   -13.49  9999.00   285.00    12.00
   858    63.79   -40.84     0.00  1   491.00   -21.27  9999.00   286.00    12.00
   859    64.78   -40.79     0.00  1   477.00   -23.24  9999.00   293.00     9.00
   860    65.79   -40.81     0.00  1   482.00   -23.06  9999.00   307.00    12.00
   861    77.77   -40.82     0.00  1   691.00    -1.26  9999.00   296.00     9.00
   862    78.71   -40.87     0.00  1   647.00    -4.67  9999.00   296.00    18.00
   863    79.66   -40.78     0.00  1   604.00    -8.21  9999.00   296.00    18.00
   864    90.89   -40.75     0.00  1   544.00   -13.81  9999.00   333.00    14.00
   865    91.89   -40.76     0.00  1   553.00   -13.01  9999.00   343.00    13.00
   866    92.90   -40.84     0.00  1   671.00    -4.09  9999.00   337.00     9.00
   867   111.87   -41.13     0.00  1   684.00    -5.83  9999.00   203.00    13.00
   868   112.88   -41.12     0.00  1   675.00    -6.57  9999.00   203.00    13.00
   869   113.90   -41.11     0.00  1   673.00    -6.71  9999.00   186.00    12.00
   870   114.93   -41.11     0.00  1   671.00    -6.86  9999.00   185.00    12.00
   871   115.90   -41.10     0.00  1   666.00    -6.86  9999.00   203.00    13.00
   872   116.81   -41.09     0.00  1   660.00    -7.01  9999.00   202.00    13.00
   873   117.81   -41.09     0.00  1   662.00    -6.27  9999.00   202.00    13.00
   874   118.83   -41.09     0.00  1   667.00    -5.54  9999.00   202.00    13.00
   875   119.86   -41.09     0.00  1   677.00    -4.24  9999.00   201.00    13.00
   876   120.83   -41.09     0.00  1   685.00    -3.38  9999.00   201.00    13.00
   877   123.85   -41.11     0.00  1   698.00    -2.10  9999.00   216.00    14.00
   878   127.48   -40.77     0.00  1   510.00   -18.15  9999.00   299.00    32.00
   879   128.44   -40.71     0.00  1   524.00   -16.98  9999.00   299.00    33.00
   880   129.40   -40.72     0.00  1   538.00   -15.93  9999.00   297.00    24.00
   881   130.41   -40.67     0.00  1   648.00    -7.31  9999.00   296.00    24.00
   882   131.42   -40.69     0.00  1   653.00    -7.01  9999.00   296.00    25.00
   883   132.45   -40.71     0.00  1   694.00    -3.80  9999.00   300.00    21.00
   884   135.55   -40.71     0.00  1   698.00    -4.38  9999.00   291.00    17.00
   885   136.57   -40.80     0.00  1   698.00    -4.52  9999.00   297.00    12.00
   886    54.80   -41.82     0.00  1   506.00   -19.87  9999.00   305.00    13.00
   887    57.89   -41.82     0.00  1   473.00   -22.88  9999.00   306.00     6.00
   888    58.79   -41.84     0.00  1   563.00   -13.49  9999.00   292.00     9.00
   889    65.81   -41.87     0.00  1   520.00   -19.01  9999.00   294.00     9.00
   890    66.79   -41.82     0.00  1   620.00   -10.19  9999.00   319.00    10.00
   891    76.78   -41.82     0.00  1   592.00    -8.36  9999.00   296.00     9.00
   892    77.80   -41.87     0.00  1   591.00    -8.36  9999.00   296.00     9.00
   893    78.78   -41.78     0.00  1   587.00    -9.11  9999.00   308.00    13.00
   894    90.84   -41.73     0.00  1   602.00    -9.11  9999.00   333.00    14.00
   895    91.91   -41.67     0.00  1   661.00    -4.96  9999.00   323.00    10.00
   896    92.82   -41.83     0.00  1   690.00    -3.09  9999.00   306.00     7.00
   897   111.84   -42.12     0.00  1   695.00    -5.10  9999.00   203.00    13.00
   898   112.86   -42.11     0.00  1   679.00    -6.42  9999.00   202.00    13.00
   899   113.82   -42.10     0.00  1   673.00    -6.86  9999.00   202.00    13.00
   900   114.79   -42.09     0.00  1   670.00    -7.01  9999.00   201.00    13.00
   901   115.82   -42.16     0.00  1   666.00    -7.16  9999.00   202.00    13.00
   902   116.87   -42.23     0.00  1   662.00    -7.16  9999.00   201.00    17.00
   903   117.81   -42.22     0.00  1   658.00    -7.16  9999.00   201.00    17.00
   904   118.76   -42.22     0.00  1   659.00    -6.86  9999.00   215.00    14.00
   905   119.77   -42.14     0.00  1   669.00    -5.39  9999.00   215.00    14.00
   906   120.75   -42.15     0.00  1   671.00    -4.96  9999.00   215.00    14.00
   907   121.75   -42.15     0.00  1   674.00    -4.52  9999.00   215.00    14.00
   908   122.72   -42.08     0.00  1   686.00    -3.23  9999.00   215.00    14.00
   909   123.76   -42.09     0.00  1   680.00    -3.95  9999.00   215.00    14.00
   910   124.73   -42.10     0.00  1   660.00    -5.83  9999.00   215.00    14.00
   911   125.56   -42.02     0.00  1   643.00    -7.31  9999.00   228.00    17.00
   912   129.38   -41.70     0.00  1   463.00   -23.98  9999.00   293.00    29.00
   913   130.27   -41.71     0.00  1   487.00   -20.92  9999.00   293.00    30.00
   914   131.40   -41.74     0.00  1   599.00   -11.12  9999.00   296.00    26.00
   915   132.37   -41.68     0.00  1   620.00    -9.88  9999.00   295.00    26.00
   916   133.45   -41.71     0.00  1   675.00    -5.69  9999.00   299.00    22.00
   917    53.49   -42.70     0.00  1   661.00    -7.31  9999.00   297.00    16.00
   918    55.83   -42.82     0.00  1   572.00   -13.97  9999.00   306.00     6.00
   919    56.93   -42.82     0.00  1   575.00   -13.49  9999.00   306.00     6.00
   920    57.85   -42.83     0.00  1   597.00   -11.12  9999.00   307.00     6.00
   921    64.78   -42.86     0.00  1   458.00   -26.16  9999.00   287.00    12.00
   922    65.76   -42.88     0.00  1   645.00    -7.76  9999.00   295.00     9.00
   923    75.68   -42.86     0.00  1   509.00   -15.60  9999.00   290.00    11.00
   924    76.75   -42.76     0.00  1   499.00   -15.93  9999.00   308.00    13.00
   925    77.73   -42.74     0.00  1   556.00   -11.43  9999.00   308.00    13.00
   926    78.77   -42.79     0.00  1   548.00   -12.53  9999.00   322.00    16.00
   927    90.85   -42.67     0.00  1   637.00    -7.01  9999.00   325.00    16.00
   928    91.88   -42.68     0.00  1   643.00    -6.71  9999.00   333.00    15.00
   929    92.87   -42.84     0.00  1   679.00    -4.24  9999.00   343.00    14.00
   930   112.79   -43.12     0.00  1   688.00    -6.13  9999.00   201.00    13.00
   931   113.84   -43.11     0.00  1   673.00    -7.31  9999.00   214.00    15.00
   932   114.83   -43.11     0.00  1   666.00    -7.76  9999.00   200.00    13.00
   933   115.84   -43.10     0.00  1   664.00    -7.76  9999.00   213.00    14.00
   934   116.82   -43.17     0.00  1   659.00    -7.91  9999.00   200.00    18.00
   935   117.78   -43.16     0.00  1   660.00    -7.46  9999.00   199.00    18.00
   936   118.83   -43.16     0.00  1   664.00    -6.86  9999.00   199.00    18.00
   937   119.76   -43.09     0.00  1   667.00    -6.13  9999.00   213.00    14.00
   938   120.76   -43.09     0.00  1   676.00    -4.81  9999.00   225.00    17.00
   939   121.60   -43.08     0.00  1   665.00    -5.83  9999.00   226.00    17.00
   940   122.64   -43.09     0.00  1   658.00    -6.57  9999.00   226.00    17.00
   941   123.61   -43.09     0.00  1   657.00    -6.57  9999.00   226.00    17.00
   942   124.62   -43.03     0.00  1   568.00   -14.62  9999.00   245.00    17.00
   943   132.35   -42.61     0.00  1   526.00   -17.99  9999.00   300.00    33.00
   944   133.43   -42.71     0.00  1   540.00   -16.98  9999.00   295.00    28.00
   945   134.44   -42.73     0.00  1   580.00   -13.49  9999.00   299.00    23.00
   946   135.52   -42.69     0.00  1   644.00    -8.96  9999.00   298.00    24.00
   947    53.61   -43.72     0.00  1   625.00   -10.49  9999.00   300.00    22.00
   948    55.97   -43.85     0.00  1   623.00   -10.96  9999.00   307.00     6.00
   949    56.93   -43.85     0.00  1   630.00    -9.88  9999.00   308.00     6.00
   950    65.80   -43.84     0.00  1   612.00   -10.19  9999.00   266.00     9.00
   951    75.69   -43.82     0.00  1   488.00   -18.32  9999.00   290.00    11.00
   952    76.68   -43.87     0.00  1   482.00   -18.84  9999.00   309.00    13.00
   953    79.75   -43.73     0.00  1   467.00   -21.45  9999.00   309.00    13.00
   954    82.71   -43.62     0.00  1   437.00   -25.83  9999.00   329.00    21.00
   955    83.76   -43.53     0.00  1   441.00   -25.65  9999.00   334.00    25.00
   956    84.74   -43.53     0.00  1   435.00   -26.59  9999.00   340.00    24.00
   957    85.84   -43.53     0.00  1   437.00   -26.59  9999.00   335.00    20.00
   958    89.76   -43.69     0.00  1   495.00   -19.70  9999.00   326.00    16.00
   959    90.74   -43.70     0.00  1   618.00    -8.96  9999.00   339.00    19.00
   960    91.85   -43.71     0.00  1   634.00    -7.91  9999.00   333.00    15.00
   961    92.90   -43.65     0.00  1   662.00    -5.98  9999.00   333.00    15.00
   962   112.82   -44.16     0.00  1   689.00    -7.01  9999.00   212.00    15.00
   963   113.81   -44.15     0.00  1   681.00    -7.61  9999.00   212.00    15.00
   964   114.74   -44.14     0.00  1   673.00    -7.91  9999.00   212.00    15.00
   965   115.76   -44.13     0.00  1   663.00    -8.36  9999.00   212.00    15.00
   966   116.76   -44.20     0.00  1   661.00    -8.21  9999.00   209.00    19.00
   967   117.82   -44.20     0.00  1   661.00    -7.91  9999.00   209.00    19.00
   968   118.81   -44.20     0.00  1   662.00    -7.61  9999.00   209.00    19.00
   969   119.81   -44.20     0.00  1   663.00    -7.01  9999.00   208.00    19.00
   970   120.69   -44.12     0.00  1   668.00    -6.13  9999.00   224.00    17.00
   971   121.63   -44.12     0.00  1   665.00    -6.13  9999.00   224.00    17.00
   972   122.60   -44.12     0.00  1   650.00    -7.61  9999.00   224.00    17.00
   973   123.58   -44.13     0.00  1   635.00    -9.11  9999.00   225.00    17.00
   974   133.35   -43.66     0.00  1   501.00   -20.92  9999.00   299.00    35.00
   975   134.28   -43.60     0.00  1   510.00   -20.40  9999.00   303.00    31.00
   976   135.32   -43.70     0.00  1   527.00   -19.18  9999.00   302.00    32.00
   977   136.44   -43.66     0.00  1   560.00   -16.42  9999.00   297.00    26.00
   978    61.73   -44.82     0.00  1   436.00   -27.93  9999.00   282.00    15.00
   979    65.61   -44.83     0.00  1   620.00    -9.42  9999.00   283.00    15.00
   980    70.62   -44.83     0.00  1   700.00    -4.24  9999.00   282.00    17.00
   981    71.66   -44.87     0.00  1   671.00    -5.83  9999.00   282.00    17.00
   982    76.71   -44.78     0.00  1   467.00   -21.27  9999.00   286.00    14.00
   983    84.77   -44.51     0.00  1   446.00   -25.65  9999.00   340.00    24.00
   984    85.77   -44.58     0.00  1   439.00   -26.59  9999.00   328.00    21.00
   985    89.81   -44.59     0.00  1   500.00   -19.52  9999.00   332.00    21.00
   986    90.75   -44.68     0.00  1   590.00   -11.74  9999.00   332.00    21.00
   987    91.76   -44.69     0.00  1   655.00    -6.57  9999.00   325.00    17.00
   988    92.95   -44.63     0.00  1   670.00    -5.54  9999.00   338.00    20.00
   989   112.74   -45.15     0.00  1   698.00    -7.31  9999.00   211.00    15.00
   990   113.76   -45.14     0.00  1   687.00    -8.21  9999.00   211.00    15.00
   991   114.70   -45.12     0.00  1   674.00    -9.11  9999.00   211.00    15.00
   992   115.74   -45.12     0.00  1   662.00    -9.57  9999.00   222.00    17.00
   993   116.71   -45.11     0.00  1   649.00    -9.88  9999.00   222.00    17.00
   994   117.70   -45.11     0.00  1   649.00    -9.27  9999.00   207.00    19.00
   995   118.67   -45.18     0.00  1   651.00    -8.81  9999.00   207.00    19.00
   996   119.69   -45.18     0.00  1   645.00    -8.81  9999.00   207.00    19.00
   997   120.67   -45.10     0.00  1   643.00    -8.66  9999.00   223.00    17.00
   998   121.63   -45.10     0.00  1   636.00    -9.11  9999.00   223.00    17.00
   999   122.61   -45.11     0.00  1   619.00   -10.65  9999.00   223.00    17.00
  1000   123.61   -45.11     0.00  1   609.00   -11.58  9999.00   223.00    17.00
  1001   124.64   -45.13     0.00  1   599.00   -12.53  9999.00   224.00    17.00
  1002   135.34   -44.59     0.00  1   498.00   -22.34  9999.00   302.00    33.00
  1003   136.45   -44.70     0.00  1   505.00   -22.16  9999.00   306.00    28.00
  1004    59.71   -45.81     0.00  1   475.00   -23.79  9999.00   287.00    12.00
  1005    60.81   -45.81     0.00  1   455.00   -25.83  9999.00   287.00    12.00
  1006    64.65   -45.82     0.00  1   564.00   -14.13  9999.00   284.00    15.00
  1007    65.53   -45.85     0.00  1   677.00    -5.54  9999.00   284.00    14.00
  1008    69.60   -45.96     0.00  1   635.00    -9.11  9999.00   266.00    18.00
  1009    74.69   -45.85     0.00  1   629.00    -6.71  9999.00   291.00    11.00
  1010    85.75   -45.59     0.00  1   430.00   -27.74  9999.00   329.00    22.00
  1011    89.81   -45.60     0.00  1   549.00   -15.27  9999.00   327.00    23.00
  1012    90.77   -45.69     0.00  1   574.00   -13.49  9999.00   326.00    23.00
  1013    91.66   -45.70     0.00  1   639.00    -8.06  9999.00   320.00    25.00
  1014   113.72   -46.15     0.00  1   693.00    -8.36  9999.00   229.00    13.00
  1015   114.77   -46.14     0.00  1   672.00   -10.03  9999.00   209.00    15.00
  1016   115.74   -46.13     0.00  1   652.00   -11.27  9999.00   221.00    17.00
  1017   116.74   -46.13     0.00  1   635.00   -11.74  9999.00   221.00    17.00
  1018   117.74   -46.12     0.00  1   620.00   -12.06  9999.00   221.00    17.00
  1019   118.77   -46.12     0.00  1   616.00   -11.90  9999.00   221.00    17.00
  1020   119.62   -46.11     0.00  1   623.00   -10.65  9999.00   221.00    17.00
  1021   120.58   -46.11     0.00  1   626.00   -10.03  9999.00   221.00    17.00
  1022   121.66   -46.12     0.00  1   621.00   -10.34  9999.00   221.00    17.00
  1023   122.57   -46.11     0.00  1   610.00   -11.27  9999.00   222.00    17.00
  1024   123.59   -46.12     0.00  1   599.00   -12.21  9999.00   232.00    20.00
  1025   124.63   -46.13     0.00  1   579.00   -14.13  9999.00   222.00    17.00
  1026   125.51   -46.05     0.00  1   553.00   -16.42  9999.00   244.00    17.00
  1027    60.69   -46.85     0.00  1   499.00   -21.27  9999.00   287.00    12.00
  1028    61.72   -46.87     0.00  1   497.00   -20.92  9999.00   264.00    10.00
  1029    63.70   -46.83     0.00  1   676.00    -5.54  9999.00   265.00     9.00
  1030    67.69   -46.93     0.00  1   608.00   -10.19  9999.00   266.00    12.00
  1031    68.63   -46.81     0.00  1   604.00   -10.49  9999.00   266.00    12.00
  1032    74.68   -46.73     0.00  1   644.00    -5.39  9999.00   291.00    11.00
  1033    75.74   -46.78     0.00  1   541.00   -13.65  9999.00   305.00    16.00
  1034    85.74   -46.54     0.00  1   431.00   -27.74  9999.00   330.00    22.00
  1035    90.65   -46.64     0.00  1   521.00   -19.01  9999.00   322.00    25.00
  1036    91.68   -46.58     0.00  1   571.00   -14.45  9999.00   316.00    27.00
  1037    92.68   -46.83     0.00  1   695.00    -3.80  9999.00   289.00    15.00
  1038    93.67   -46.85     0.00  1   656.00    -7.16  9999.00   289.00    16.00
  1039    94.58   -46.87     0.00  1   644.00    -8.21  9999.00   272.00    17.00
  1040    95.50   -46.89     0.00  1   599.00   -11.90  9999.00   260.00    23.00
  1041    96.50   -46.92     0.00  1   609.00   -10.80  9999.00   258.00    20.00
  1042   113.78   -47.03     0.00  1   696.00    -9.11  9999.00   228.00    13.00
  1043   114.76   -47.02     0.00  1   682.00   -10.65  9999.00   228.00    13.00
  1044   115.72   -47.09     0.00  1   660.00   -12.21  9999.00   208.00    15.00
  1045   116.70   -47.16     0.00  1   636.00   -13.33  9999.00   219.00    17.00
  1046   117.73   -47.16     0.00  1   610.00   -14.13  9999.00   219.00    17.00
  1047   118.77   -47.16     0.00  1   597.00   -14.45  9999.00   219.00    17.00
  1048   119.65   -47.15     0.00  1   585.00   -14.13  9999.00   220.00    17.00
  1049   120.63   -47.15     0.00  1   590.00   -12.69  9999.00   220.00    17.00
  1050   121.64   -47.15     0.00  1   601.00   -11.43  9999.00   220.00    17.00
  1051   122.58   -47.07     0.00  1   599.00   -11.58  9999.00   220.00    17.00
  1052   123.62   -47.08     0.00  1   587.00   -12.53  9999.00   220.00    17.00
  1053   124.58   -47.08     0.00  1   577.00   -13.97  9999.00   231.00    20.00
  1054   125.56   -47.09     0.00  1   553.00   -16.76  9999.00   221.00    17.00
  1055    65.64   -47.95     0.00  1   698.00    -4.52  9999.00   242.00    12.00
  1056    66.67   -47.89     0.00  1   608.00   -10.49  9999.00   265.00    12.00
  1057    67.69   -47.84     0.00  1   580.00   -12.69  9999.00   265.00    12.00
  1058    71.66   -47.91     0.00  1   565.00   -13.17  9999.00   266.00    15.00
  1059    72.70   -47.87     0.00  1   591.00   -10.03  9999.00   267.00    15.00
  1060    73.67   -47.83     0.00  1   668.00    -4.09  9999.00   292.00    11.00
  1061    74.73   -47.71     0.00  1   633.00    -6.13  9999.00   292.00    12.00
  1062    75.73   -47.76     0.00  1   637.00    -5.54  9999.00   305.00    16.00
  1063    89.60   -47.62     0.00  1   499.00   -21.10  9999.00   315.00    21.00
  1064    90.59   -47.63     0.00  1   520.00   -19.70  9999.00   310.00    24.00
  1065    91.65   -47.64     0.00  1   552.00   -16.76  9999.00   300.00    21.00
  1066    92.60   -47.82     0.00  1   565.00   -15.76  9999.00   290.00    16.00
  1067    94.54   -47.86     0.00  1   517.00   -21.27  9999.00   272.00    20.00
  1068    95.55   -47.88     0.00  1   539.00   -18.84  9999.00   272.00    23.00
  1069    96.50   -47.91     0.00  1   561.00   -16.26  9999.00   258.00    20.00
  1070    97.52   -47.94     0.00  1   598.00   -11.90  9999.00   258.00    20.00
  1071    98.55   -47.97     0.00  1   620.00    -9.88  9999.00   258.00    20.00
  1072    99.59   -48.01     0.00  1   638.00    -8.66  9999.00   240.00     9.00
  1073   100.73   -47.88     0.00  1   698.00    -4.24  9999.00   240.00     9.00
  1074   115.61   -48.15     0.00  1   674.00   -12.21  9999.00   218.00    17.00
  1075   116.64   -48.15     0.00  1   645.00   -13.97  9999.00   218.00    17.00
  1076   117.68   -48.14     0.00  1   607.00   -15.43  9999.00   218.00    17.00
  1077   118.75   -48.14     0.00  1   592.00   -15.60  9999.00   218.00    17.00
  1078   119.64   -48.13     0.00  1   568.00   -15.60  9999.00   218.00    17.00
  1079   120.65   -48.13     0.00  1   559.00   -14.94  9999.00   218.00    17.00
  1080   121.67   -48.14     0.00  1   574.00   -13.01  9999.00   218.00    17.00
  1081   122.61   -48.14     0.00  1   580.00   -12.69  9999.00   218.00    17.00
  1082   123.57   -48.14     0.00  1   573.00   -13.81  9999.00   219.00    17.00
  1083   124.57   -48.06     0.00  1   575.00   -14.45  9999.00   219.00    17.00
  1084    64.52   -48.77     0.00  1   673.00    -6.86  9999.00   294.00    21.00
  1085    65.75   -48.87     0.00  1   664.00    -7.31  9999.00   241.00    12.00
  1086    66.76   -48.90     0.00  1   615.00   -10.49  9999.00   241.00    12.00
  1087    71.77   -48.92     0.00  1   572.00   -12.53  9999.00   266.00    12.00
  1088    72.77   -48.88     0.00  1   585.00   -10.80  9999.00   266.00    12.00
  1089    73.68   -48.85     0.00  1   587.00   -10.49  9999.00   292.00    12.00
  1090    99.49   -48.94     0.00  1   634.00    -9.57  9999.00   244.00    21.00
  1091   100.56   -48.98     0.00  1   658.00    -7.91  9999.00   253.00    14.00
  1092   110.72   -49.17     0.00  1   679.00    -9.57  9999.00   225.00    20.00
  1093   111.49   -49.22     0.00  1   671.00   -10.65  9999.00   225.00    20.00
  1094   112.57   -49.21     0.00  1   664.00   -11.90  9999.00   225.00    26.00
  1095   113.58   -49.19     0.00  1   647.00   -13.68  9999.00   225.00    26.00
  1096   114.51   -49.17     0.00  1   617.00   -17.14  9999.00   219.00    24.00
  1097   115.52   -49.25     0.00  1   633.00   -16.42  9999.00   219.00    24.00
  1098   116.51   -49.15     0.00  1   653.00   -14.13  9999.00   233.00    22.00
  1099   117.67   -49.16     0.00  1   621.00   -15.27  9999.00   226.00    19.00
  1100   118.66   -49.15     0.00  1   599.00   -15.76  9999.00   226.00    19.00
  1101   119.67   -49.15     0.00  1   569.00   -15.93  9999.00   226.00    19.00
  1102   120.60   -49.14     0.00  1   548.00   -15.76  9999.00   227.00    19.00
  1103   121.64   -49.15     0.00  1   553.00   -14.94  9999.00   216.00    17.00
  1104   122.60   -49.15     0.00  1   566.00   -13.97  9999.00   217.00    17.00
  1105   123.58   -49.15     0.00  1   572.00   -14.45  9999.00   217.00    17.00
  1106   124.59   -49.15     0.00  1   568.00   -15.93  9999.00   217.00    17.00
  1107   125.64   -49.00     0.00  1   579.00   -16.26  9999.00   241.00    16.00
  1108   130.53   -48.88     0.00  1   438.00   -31.10  9999.00   295.00    17.00
  1109    65.63   -49.92     0.00  1   640.00    -8.92  9999.00   233.00    10.00
  1110    66.71   -49.86     0.00  1   617.00   -10.80  9999.00   282.00    18.00
  1111    72.77   -49.84     0.00  1   485.00   -21.63  9999.00   266.00    12.00
  1112    99.50   -49.99     0.00  1   641.00    -9.42  9999.00   273.00    18.00
  1113   100.49   -49.94     0.00  1   659.00    -8.21  9999.00   256.00    17.00
  1114   109.66   -50.06     0.00  1   668.00   -10.19  9999.00   240.00    18.00
  1115   110.49   -50.20     0.00  1   634.00   -13.17  9999.00   224.00    26.00
  1116   111.50   -50.18     0.00  1   622.00   -14.29  9999.00   224.00    26.00
  1117   112.57   -50.26     0.00  1   647.00   -13.00  9999.00   224.00    26.00
  1118   113.51   -50.23     0.00  1   642.00   -14.42  9999.00   224.00    26.00
  1119   114.56   -50.22     0.00  1   637.00   -15.61  9999.00   224.00    26.00
  1120   115.52   -50.21     0.00  1   611.00   -18.49  9999.00   217.00    24.00
  1121   116.52   -50.11     0.00  1   610.00   -18.32  9999.00   232.00    22.00
  1122   117.52   -50.10     0.00  1   629.00   -15.43  9999.00   225.00    19.00
  1123   118.63   -50.10     0.00  1   614.00   -15.76  9999.00   244.00    19.00
  1124   119.66   -50.10     0.00  1   586.00   -15.93  9999.00   225.00    19.00
  1125   120.60   -50.09     0.00  1   564.00   -15.76  9999.00   225.00    19.00
  1126   121.56   -50.09     0.00  1   557.00   -15.60  9999.00   226.00    19.00
  1127   122.65   -50.10     0.00  1   576.00   -14.13  9999.00   226.00    19.00
  1128   123.66   -50.11     0.00  1   592.00   -13.65  9999.00   226.00    20.00
  1129   124.57   -50.10     0.00  1   569.00   -16.76  9999.00   239.00    16.00
  1130   125.62   -50.03     0.00  1   570.00   -17.82  9999.00   240.00    16.00
