diamond 4 2011年1月6日10时云顶黑体亮温相邻时次差梯度分析

2011 1 6 10 0 0 

0.1 -0.1 114 118 42 38 41 41

4 -60 60 1 0 


-30 -30 -10 -5 5 5 10 -15 -30 -5 25 15 0 -10 -5 -5 -15 -10 -25 -30 -40 -15 25 5 -15 -25 -30 -5 -5 -10 5 10 5 -10 -25 -15 10 30 40 10 -15 
-30 -10 5 15 15 0 -10 -25 -20 5 0 -10 -5 -10 -5 -20 -20 -20 -30 -25 -5 20 5 -15 -20 -30 -10 10 5 0 0 5 0 -10 -10 15 15 35 30 -10 -30 
-5 15 30 30 10 0 -5 -10 0 5 -15 0 -15 -20 -30 -35 -20 -15 0 15 25 15 10 10 0 10 10 10 0 -5 10 30 15 -5 10 15 20 50 20 -25 -35 
30 55 45 25 5 0 0 0 5 -5 5 0 -15 -15 -15 -5 5 5 10 20 35 40 45 30 30 10 -10 0 -5 0 25 25 -20 -20 10 20 45 45 0 -35 -35 
60 50 35 15 5 15 10 5 10 20 20 5 15 25 25 15 5 -5 -5 15 30 30 15 0 -10 -30 -10 -5 -15 0 15 -20 -45 -20 25 40 45 25 -15 -50 -30 
35 20 15 10 25 25 5 5 25 35 15 15 40 45 25 5 -10 -35 -25 0 0 -25 -50 -55 -55 -30 -15 -15 -5 10 -10 -30 -30 15 35 30 15 0 -45 -60 -5 
5 0 5 20 20 5 -10 0 30 20 -5 -10 10 -5 -15 -20 -45 -60 -25 -5 -30 -65.00001 -75.00001 -55 -20 0 5 5 10 -10 -20 -5 10 25 15 5 0 -20 -50 -15 35 
0 0 20 15 10 5 -10 10 25 -10 -60 -50 -25 -20 -15 -40 -80.00001 -50 0 10 -30 -35 -5 30 40 25 15 15 0 -15 10 20 15 10 10 5 -5 -15 -5 15 15 
10 15 20 5 10 -5 -10 15 5 -35 -65.00001 -30 -15 -10 -35 -65.00001 -50 5 45 40 10 25 40 50 35 20 15 10 -15 0 10 5 5 5 0 -5 10 30 10 5 -5 
15 15 15 0 -15 -30 -20 -10 -10 -30 -40 -10 10 0 -25 -30 0 15 50 20 0 10 25 35 20 5 -5 -20 -20 -5 0 0 0 -5 -5 10 40 10 -15 -20 -25 
0 15 0 -25 -35 -30 -25 -10 5 -20 -15 25 35 15 -10 0 5 5 25 0 -5 -5 15 15 0 -20 -20 -30 -20 -10 -5 5 0 5 10 20 10 -20 -25 -20 -5 
-10 -10 -25 -20 0 5 5 15 10 -5 20 35 30 0 0 20 -5 -10 5 0 -15 0 15 0 -10 -25 -30 -35 -20 0 15 15 15 20 10 10 5 -10 -15 -5 -5 
10 0 -5 15 25 5 5 25 35 40 25 10 0 -10 5 -10 -50 -40 0 0 -5 15 5 5 -10 -20 -25 -15 10 25 25 20 15 0 10 25 15 -5 -10 -10 -15 
25 0 10 15 -10 -30 -5 25 30 5 -30 -15 -10 -5 -20 -50 -70.00001 -15 15 5 15 10 0 0 -10 -10 -5 15 30 25 15 5 -5 10 30 30 5 -15 -20 -15 -20 
-5 0 5 -10 -35 -25 5 15 -10 -45 -35 -5 -15 -25 -50 -65.00001 -25 25 15 20 20 0 -5 -10 -15 -5 10 20 30 15 10 15 15 30 30 0 -30 -35 -20 -20 -15 
-15 5 20 10 0 15 30 10 -25 -45 -20 -20 -25 -30 -45 -20 25 20 20 45 25 5 0 -5 0 5 5 20 15 0 10 15 20 10 -20 -50 -50 -30 -25 -25 -15 
15 45 35 10 0 20 45 15 -20 -35 -15 0 10 -20 -30 0 10 15 45 45 10 10 20 15 10 0 0 5 -10 -5 0 5 -10 -30 -35 -30 -10 -15 -30 -25 -20 
15 25 5 -20 -20 35 45 15 -20 -25 15 45 10 -45 -45 -30 -10 10 15 -5 -15 5 10 5 0 0 5 -5 0 0 -5 -5 -20 -10 5 25 20 -5 -10 -5 5 
10 0 -30 -45 -5 35 15 -15 -60 -25 35 35 -30 -65.00001 -45 -15 15 5 -20 -40 -25 5 10 5 5 10 0 -10 5 -5 -5 -10 -10 5 15 25 10 0 0 15 25 
0 -20 -25 -5 20 10 -15 -40 -30 20 40 10 -35 -20 20 55 50 5 -25 -15 30 30 5 -10 0 0 -15 -5 5 5 5 -5 0 0 5 20 5 0 10 10 0 
0 5 15 15 10 -5 -5 5 20 20 30 15 5 20 45 45 25 -5 -15 35 55 5 -20 -15 0 0 -5 5 10 15 5 -10 -5 0 20 25 0 -10 -15 -15 -10 
5 15 15 10 0 -5 5 10 0 0 15 10 -10 -5 15 10 -10 -40 -10 55 25 -15 5 20 15 10 5 -5 0 0 -25 -25 -5 5 15 -5 -20 -20 -10 -10 10 
15 20 5 -5 -5 0 0 -5 -15 -5 10 -5 -30 -5 5 -15 -35 -30 20 35 0 10 25 10 15 20 -5 -15 -15 -30 -40 -20 0 -5 -15 -15 -10 -10 -10 -5 10 
20 0 -10 -5 -5 -5 -5 -10 -5 5 0 -20 -15 10 -5 -15 -15 -5 20 5 -10 -5 -10 5 10 -5 -15 -15 -15 -10 -5 20 15 -15 -10 0 -10 -10 -10 0 0 
0 -5 5 0 0 0 -10 -10 0 0 -5 -5 10 5 -5 -5 -5 5 5 -10 -10 -15 0 0 -10 -5 -5 0 20 20 35 45 15 10 15 5 10 5 0 10 0 
-5 5 5 0 0 -5 -5 0 5 0 -5 0 5 -5 0 0 0 5 0 5 5 0 10 -5 -5 -5 0 10 10 15 25 20 15 10 10 25 35 10 5 10 20 
0 0 0 0 0 0 0 0 0 -5 -5 0 -5 -5 0 -5 -10 0 5 15 10 10 10 0 -5 0 0 -10 -5 0 -5 -5 -10 -10 0 15 5 -15 0 30 30 
5 5 5 0 0 -5 -5 -5 -5 -5 -5 -5 -5 0 -10 -20 -10 0 5 10 5 5 5 5 10 15 5 -5 0 -10 -10 -15 -15 -25 -20 -5 -15 -5 10 20 5 
10 20 10 0 -5 -10 -15 -5 -5 -10 0 5 10 -5 -10 -5 0 0 0 0 -5 -5 0 5 15 20 5 -5 -5 -5 -5 -10 -20 -25 5 10 5 5 0 0 0 
5 10 -5 -15 -15 -20 -10 0 -15 -5 10 15 5 0 0 -10 -5 -5 -10 -5 -10 -15 -10 -5 5 5 -10 -5 0 15 10 5 -15 10 30 20 10 -10 -20 -15 -10 
10 -5 -30 -30 -25 -25 -10 -10 -10 10 10 5 -10 -15 -20 -5 10 0 0 -5 -10 -5 0 0 0 -5 -5 5 15 20 15 5 0 35 35 20 -10 -40 -30 0 10 
10 -10 -20 -10 0 5 15 10 10 0 -10 -20 -25 -25 -5 15 10 0 -5 0 0 0 0 -5 -5 0 5 5 5 -5 0 -10 10 30 20 0 -35 -30 5 35 25 
10 5 0 20 30 30 20 10 0 -10 -5 -10 -15 -5 15 5 -10 -10 -5 0 -5 5 -5 -10 0 5 0 0 -10 -10 -10 -10 10 5 -10 -25 -25 0 20 30 0 
5 -10 -10 0 5 5 -10 -10 -15 0 0 0 5 20 15 0 0 0 0 0 0 -5 -10 -5 0 -5 -5 0 -10 -10 -10 5 0 -15 -15 -10 0 0 10 5 -5 
-15 -25 -20 -20 -10 -15 -30 -35 -15 -5 -5 5 5 15 15 10 5 0 5 -10 -15 -5 0 -5 -5 -5 0 -15 -15 -5 0 -5 -5 0 0 0 0 0 5 0 10 
-25 -5 0 0 5 -15 -35 -30 -5 -10 5 10 10 15 10 5 0 5 -5 -20 0 15 10 5 5 10 0 -10 5 -5 -5 0 5 0 0 5 0 0 0 5 5 
10 25 10 5 -15 -35 -40 -10 5 15 25 25 10 5 5 -5 0 5 -15 0 15 15 5 5 10 15 0 5 5 5 5 0 -5 0 0 -5 0 5 0 0 0 
25 0 0 -10 -25 -25 -15 10 20 20 15 5 0 5 -5 -5 15 -5 -5 5 0 -5 -5 0 5 0 5 10 10 5 0 -5 0 0 -5 0 5 -5 -5 5 5 
0 0 25 15 -5 -20 -10 5 5 -20 -10 15 25 5 -10 15 10 -5 -5 -10 -5 -5 5 5 -5 -5 0 0 5 0 5 5 10 0 0 -5 -5 -5 0 0 -5 
15 45 40 -5 -40 -35 -15 -5 -20 -10 20 35 25 0 10 15 10 0 -10 -5 0 10 15 0 -10 -5 -5 0 -5 -10 0 0 0 0 -10 0 5 0 0 0 0 
55 30 -5 -35 -55 -40 -30 -25 -15 5 20 45 25 0 -5 0 5 -10 -10 -5 10 15 10 0 0 0 -5 -5 -10 -5 -5 0 0 -10 -5 10 0 0 0 0 -5 