diamond 4 2011年1月6日10时云顶黑体亮温相邻时次差分析

2011 1 6 10 0 0 

0.1 -0.1 114 118 42 38 41 41

4 60 150 1 0 


-2 -3 -3 -1 0 1 2 4 2 2 4 7 7 6 5 4 2 1 0 0 0 -1 1 4 3 3 0 -1 1 -1 -1 -1 0 0 1 -1 -1 -1 3 3 1 
-5 -5 -4 -3 -1 0 0 0 0 0 3 4 7 6 6 5 2 1 -1 -3 -4 -2 1 2 2 1 -1 -1 0 0 -1 -1 -1 -2 -2 -1 1 1 4 4 1 
-7 -6 -4 -1 0 0 0 -1 -2 0 0 1 4 5 5 4 2 0 -2 -2 -2 -2 -2 0 0 0 0 0 1 0 0 0 1 -1 -2 -1 0 3 6 4 1 
-7 -5 -3 -1 0 0 0 0 -1 -1 -1 0 0 1 1 1 2 2 1 0 1 1 1 2 2 3 1 0 0 0 1 4 3 0 0 0 1 5 7 4 0 
-1 1 1 1 0 0 0 0 0 -1 0 0 0 1 2 2 2 2 2 2 4 6 6 5 5 3 1 1 0 -1 1 3 1 -2 0 2 4 6 7 4 0 
3 3 4 3 2 3 2 1 2 3 2 1 2 4 5 4 3 1 0 1 3 5 5 3 2 1 1 0 -1 -1 0 0 -1 -3 1 4 6 7 6 1 -2 
4 4 4 5 5 5 3 1 3 6 5 3 5 7 7 5 3 -2 -3 -1 0 -1 -2 -3 -4 -2 -1 0 0 0 -2 -2 -2 -1 0 3 4 6 4 0 0 
2 3 4 6 6 6 4 1 3 5 4 -1 0 1 4 4 1 -5 -6 -3 -3 -6 -8 -6 -3 -2 0 0 1 -1 -2 -1 0 0 0 1 3 3 2 2 2 
0 2 5 6 7 8 6 4 4 3 -1 -3 -2 -1 1 0 -4 -5 -5 -2 -3 -3 -3 -2 0 0 0 2 1 0 0 0 0 1 1 1 1 4 4 3 3 
0 1 4 5 6 6 6 6 5 3 -3 -6 -5 -4 -4 -4 -4 -3 0 3 0 -1 -1 1 2 2 1 1 0 0 0 0 0 0 0 0 2 6 5 4 2 
0 1 4 4 3 2 2 3 5 5 0 -3 -2 -2 -4 -6 -5 -6 -1 2 1 0 0 2 3 2 0 -1 -2 -1 0 0 0 0 0 1 3 3 3 2 2 
-1 0 1 1 1 1 0 1 4 4 2 1 1 1 -2 -3 -3 -6 -3 1 1 -1 0 1 2 1 0 -3 -4 -4 -2 1 0 1 1 1 2 2 1 1 2 
-5 -3 -2 0 3 4 3 2 4 6 7 5 4 1 0 -1 -3 -8 -7 -2 0 1 1 0 1 -1 -2 -4 -5 -3 -2 1 3 3 2 2 3 2 1 0 0 
-2 -3 -3 -1 2 2 3 5 7 9 8 6 5 3 1 -2 -6 -10 -9 -6 -3 1 2 2 1 0 -2 -3 -3 -2 -1 0 1 2 4 5 5 3 1 0 -1 
0 -2 -2 -2 -2 -3 -1 3 6 6 4 5 5 4 1 -4 -9 -8 -8 -7 -4 -2 0 1 1 0 0 0 0 0 -1 0 0 2 5 7 6 3 0 -1 -2 
1 -1 -2 -3 -4 -4 -2 1 2 2 2 4 3 2 -1 -5 -7 -6 -7 -6 -4 -3 -2 -1 -1 0 0 1 3 2 1 2 2 3 5 4 3 2 1 -2 -2 
0 2 4 2 -1 -2 0 1 0 -3 -2 0 2 2 -1 -2 -3 -4 -4 -1 -2 -3 -2 -1 0 0 0 1 2 2 1 2 3 1 0 -1 -2 -1 -1 -3 -4 
2 4 5 4 0 -1 4 4 2 -3 -4 0 3 1 -3 -3 -3 -2 -1 1 0 -1 0 0 0 0 -1 0 0 2 1 1 1 0 0 0 1 -2 -3 -4 -4 
1 4 5 3 0 1 4 6 3 -2 -2 2 3 -1 -6 -8 -6 -4 -4 -3 -3 -2 -1 0 0 1 1 -1 0 1 1 1 0 0 1 3 4 2 -1 -3 -3 
-1 0 0 0 1 2 2 2 -2 -3 -1 2 0 -3 -5 -6 -4 -3 -6 -8 -6 -2 0 0 0 1 1 -1 -1 0 0 0 0 0 0 2 4 3 2 1 0 
-1 -1 0 1 2 2 1 2 2 1 1 3 1 0 1 2 1 -1 -4 -6 -3 -2 -2 -2 -1 0 0 0 0 1 2 0 0 0 0 3 4 4 3 1 -1 
-1 0 1 1 2 2 1 2 3 2 3 5 4 1 2 3 4 1 -4 -2 1 -2 -4 -4 -2 0 0 0 0 1 2 0 -1 0 1 3 3 2 2 2 0 
-2 0 2 2 1 2 2 2 2 1 1 4 3 1 2 2 1 -1 -3 0 2 0 1 0 -2 0 1 -1 -1 -1 -2 -2 -1 -1 0 0 1 1 1 1 2 
-1 0 0 1 1 1 1 1 1 2 2 2 1 1 2 1 0 -1 -1 0 1 1 1 1 1 1 0 -1 -3 -4 -5 -5 -2 -2 -3 -1 0 0 0 0 1 
-1 -1 -1 0 0 1 1 0 0 1 1 1 1 2 1 1 0 -1 0 -1 -1 -1 -1 1 0 0 0 -1 -1 -1 -2 -1 -1 -3 -3 -3 -2 -1 -1 0 1 
-1 -1 0 0 0 0 0 0 0 1 1 1 2 2 2 1 1 0 0 -1 -1 -2 -1 0 0 0 0 0 1 1 2 3 3 2 0 -1 0 0 -1 0 1 
-2 -1 -1 0 0 0 0 0 0 0 0 0 1 1 2 2 1 1 1 1 1 -1 -1 -1 -1 -1 0 0 0 1 1 2 3 2 2 2 4 2 0 0 4 
-3 -2 -1 -1 0 0 0 0 0 0 0 0 0 0 1 1 0 0 1 2 3 2 1 0 -1 -1 -1 -2 -1 0 0 0 1 1 0 0 1 1 1 2 4 
-4 -2 -1 -1 -1 -1 -1 -1 -1 -1 -1 -1 0 0 -1 -1 0 0 0 1 2 2 2 2 2 2 2 -1 -2 -2 -1 -2 -1 -2 -1 0 0 1 1 1 2 
-2 -1 0 -1 -1 -2 -3 -1 -1 -2 0 0 1 0 0 -1 -1 0 0 0 1 1 1 1 2 3 3 1 -1 -2 -1 -2 -3 -4 -1 1 1 1 1 1 1 
-3 -2 -2 -3 -3 -3 -4 -3 -3 -3 -1 1 1 1 0 -2 -2 -2 -2 -1 -1 -1 0 0 1 2 2 2 1 1 1 1 -2 -2 0 2 2 -1 -3 -2 0 
-2 -3 -5 -6 -6 -6 -5 -4 -3 -2 -2 -1 -1 -2 -1 0 1 0 -1 -2 -1 -1 0 0 0 1 2 3 3 2 2 2 0 1 2 3 2 -2 -4 -2 1 
-1 -1 -3 -4 -3 -3 -3 -3 -3 -4 -4 -4 -3 -4 -3 -1 0 0 -1 -1 -2 -2 -1 -1 -1 0 1 2 3 1 1 1 1 2 2 2 0 -1 -2 0 2 
-1 0 -2 -2 -1 0 -1 -2 -2 -3 -3 -4 -4 -3 -1 -2 -2 -1 -1 -1 -1 -1 -2 -2 -1 0 0 1 2 2 0 0 1 1 0 0 0 0 -1 0 0 
-1 -2 -3 -5 -4 -2 -3 -4 -5 -3 -3 -3 -3 -3 -1 0 -1 -1 -1 -1 -2 -2 -2 -3 -3 -2 -1 0 0 1 1 1 0 0 0 0 0 0 0 0 0 
-2 -3 -3 -5 -6 -4 -5 -7 -6 -6 -4 -3 -3 -2 -1 0 0 -1 0 -2 -3 -2 -1 -2 -3 -3 -2 -3 -2 0 0 0 1 1 0 0 0 0 0 0 1 
-3 -2 -1 -2 -4 -6 -7 -9 -7 -7 -5 -2 -2 -2 -1 0 0 0 -1 -2 -2 -1 0 0 -1 -1 -1 -2 -2 -2 0 0 0 1 1 1 0 0 0 0 0 
2 0 -1 -1 -5 -8 -10 -9 -7 -5 -4 -1 -1 -2 -2 -2 0 1 -1 -1 -1 -1 -1 0 0 0 -1 -1 -1 -1 -1 0 -1 0 0 0 1 1 0 0 1 
4 1 0 0 -2 -6 -9 -10 -7 -6 -6 -4 -1 0 -2 -3 0 0 0 -1 -2 -2 -2 -1 0 0 1 0 0 -1 -1 -1 0 0 0 0 0 0 0 0 0 
4 4 5 4 0 -5 -8 -10 -10 -10 -8 -3 0 0 -1 -1 -1 0 -1 -1 -1 -2 -1 -1 -2 -2 -1 0 1 0 0 0 0 0 0 -1 0 0 0 0 0 
7 9 8 4 -1 -5 -7 -9 -11 -10 -9 -5 1 1 1 0 1 0 -1 -2 -1 0 0 0 -1 -2 -2 -2 -1 -2 -1 -1 0 0 -1 0 0 0 0 0 0 