diamond 4 2011年1月6日10时云顶黑体亮温Y方向梯度分析

2011 1 6 10 0 0 

0.1 -0.1 114 118 42 38 41 41

10 -60 60 1 0 


-20 -20 -15 -10 0 0 5 0 0 -5 -5 -5 0 0 0 0 -5 -5 -10 -20 -25 -20 -10 -5 0 0 0 5 15 15 5 -5 -10 -10 -5 0 5 5 15 15 0 
-15 -5 5 10 5 0 0 -5 -5 0 0 0 5 5 0 0 5 5 0 0 -5 0 -5 0 5 5 10 15 10 10 0 -5 5 10 5 5 15 20 10 5 0 
0 5 10 10 5 0 0 5 0 5 5 10 5 10 5 5 10 10 15 20 25 10 5 0 0 10 15 10 5 5 5 15 25 25 15 5 0 10 5 -5 -5 
30 25 15 5 0 0 0 5 10 0 0 5 0 5 5 5 5 5 15 15 20 15 15 5 5 5 5 5 0 -5 0 10 10 5 5 10 5 0 0 -5 -10 
35 25 15 5 0 5 5 0 5 0 0 0 0 -5 0 0 0 -5 -5 0 0 10 5 0 0 -5 0 5 -5 -15 -20 -15 -5 -10 0 5 5 0 -5 -10 -15 
10 5 5 0 0 0 0 -5 -10 -5 0 -5 -5 -10 -5 -5 -5 -20 -20 -10 -10 -15 -25 -25 -20 -10 0 0 -5 -5 -15 -5 0 5 0 0 0 0 -10 -15 0 
-10 -5 -5 -5 -5 -10 -5 -5 -5 0 0 -15 -20 -20 -10 -10 -20 -30 -30 -15 -15 -30 -35 -20 -10 0 5 0 5 5 15 15 10 15 5 0 0 -5 -10 0 20 
-15 -5 -5 -5 -5 0 0 5 10 5 -15 -25 -30 -35 -30 -20 -25 -15 -15 -10 -10 -5 5 15 20 15 5 5 5 15 25 15 10 5 5 0 -5 0 10 20 20 
0 0 5 5 5 10 5 10 5 -5 -25 -25 -25 -25 -40 -25 -5 10 15 10 5 15 25 25 20 15 5 5 0 10 10 5 0 0 0 -5 -10 5 20 20 10 
10 5 10 10 10 5 5 5 0 -5 -5 0 5 10 0 -10 0 0 10 5 5 5 10 15 10 5 0 -10 -5 -5 0 0 0 0 0 0 5 0 5 5 0 
0 5 0 5 5 -5 -5 -5 0 0 15 30 35 40 35 15 0 -15 -15 -10 0 0 5 5 5 0 -5 -15 -15 -20 -15 -5 -5 0 0 5 15 5 0 0 0 
-25 -20 -20 -15 -5 0 0 0 0 5 25 30 35 30 30 25 5 -10 -20 -15 -5 10 10 0 0 -5 -5 -10 -15 -10 -10 0 0 0 0 0 5 5 0 -5 -5 
-20 -30 -30 -30 -15 -5 0 5 5 15 20 15 15 10 10 5 -5 -10 -10 -15 -5 10 10 5 0 0 -5 0 0 10 10 5 5 0 0 0 0 0 -5 -5 -5 
5 -10 -15 -15 -20 -25 -15 -10 0 5 -5 -5 -5 0 -5 -15 -20 0 0 -10 -5 -5 -5 0 0 5 10 15 15 10 0 -5 0 0 0 0 -5 -5 -5 0 -5 
15 10 5 5 -10 -15 -10 -10 -5 -5 -10 -5 -5 -5 -10 -15 -5 15 0 0 0 -5 -10 -10 -5 0 10 15 20 10 5 0 0 0 0 -5 -15 -10 0 -5 -5 
15 25 20 15 10 10 5 5 -5 -15 -10 0 0 0 0 15 30 25 20 25 10 0 0 0 0 0 0 5 10 10 15 10 5 0 -5 -15 -20 -10 -5 -10 -10 
10 15 15 5 0 5 5 0 -10 -25 -25 -15 -5 -15 -10 10 20 25 35 30 10 10 15 10 5 0 -5 -5 -5 5 5 5 5 5 0 -5 0 -10 -15 -10 -10 
5 5 10 5 -5 -10 -10 -10 -15 -20 -15 -15 -20 -35 -35 -35 -20 0 5 -5 -5 5 5 5 0 0 -5 -10 -5 0 0 0 0 5 10 20 20 5 0 0 5 
0 5 10 15 20 15 0 -5 -15 0 15 5 -20 -20 -15 -20 -10 -5 -20 -35 -20 -5 0 0 0 0 5 0 0 0 0 0 0 0 5 15 15 15 15 15 15 
0 0 5 10 25 30 20 15 25 40 35 25 15 30 30 35 30 10 0 -10 5 0 -5 -10 -5 0 5 10 5 0 0 0 0 0 0 5 10 15 15 15 10 
0 5 5 5 10 10 10 15 35 35 25 20 35 40 35 35 25 0 0 20 25 -5 -25 -25 -10 0 0 5 5 0 0 0 0 5 5 5 5 10 10 10 5 
0 5 5 5 0 0 5 5 5 0 0 5 15 10 15 10 0 -5 -10 15 5 -5 -5 -10 -15 -10 -5 -10 -5 -5 -10 -5 0 0 0 -5 0 0 0 5 10 
5 5 5 10 5 0 5 5 -5 0 0 0 0 5 10 5 0 10 25 20 5 10 20 20 5 -5 -10 -15 -15 -15 -20 -20 -5 -10 -15 -5 0 0 0 0 5 
10 5 0 5 5 5 5 0 0 5 5 0 0 10 5 5 10 15 35 15 10 10 10 25 25 15 10 10 5 0 0 0 -5 -10 -10 -5 -5 -5 0 0 5 
5 0 5 0 0 5 5 5 10 5 5 5 5 5 5 10 10 10 10 0 0 0 5 10 10 15 20 25 25 20 25 25 10 10 15 0 -5 -5 -5 -5 0 
-5 0 0 0 0 0 0 5 5 5 5 5 5 0 10 10 5 10 0 5 5 5 5 -5 -5 0 5 10 10 15 20 15 15 20 20 10 5 0 -10 -15 -10 
-10 -5 -5 -5 0 0 0 0 0 0 0 0 0 0 5 5 0 5 5 10 10 10 5 0 -5 -10 -10 -10 -5 5 5 5 5 5 0 5 5 5 0 -5 -5 
-10 -5 0 -5 -5 -5 -5 -5 -5 -5 -5 -5 0 0 -5 -5 0 0 5 5 5 10 10 10 10 0 -10 -15 -10 -10 -5 -10 -10 -15 -5 5 5 10 15 15 5 
0 0 0 0 -10 -15 -20 -10 -10 -10 -5 -5 0 0 -5 -5 -5 0 0 0 0 5 5 5 10 10 10 5 -5 -10 -10 -20 -25 -25 -5 5 5 5 10 15 10 
0 -5 -10 -15 -15 -15 -20 -15 -10 -10 -5 0 -5 -5 -5 -10 -10 -10 -10 -5 -5 -5 0 0 5 10 10 15 10 5 0 0 -10 0 -5 -5 -5 -10 -15 -5 5 
-15 -20 -30 -30 -25 -20 -15 -20 -10 -5 -10 -5 -10 -15 -15 -10 0 -5 -5 -5 -5 -5 0 0 0 0 5 10 10 10 10 20 20 20 5 -5 -10 -20 -25 -15 -10 
0 -5 -10 -5 -5 -5 0 0 -5 -10 -20 -25 -25 -30 -25 -5 0 5 5 0 0 0 0 0 -5 -5 5 5 5 5 5 10 20 15 10 5 0 0 0 0 -15 
20 25 25 20 25 30 30 20 10 0 -5 -15 -20 -15 -5 -10 -10 -5 0 0 0 0 -5 -5 0 5 0 0 5 5 0 0 5 5 5 5 10 20 20 10 0 
10 5 0 -5 0 10 10 -5 -10 5 15 15 10 15 20 10 5 0 0 -5 -10 -10 -10 -10 -5 0 0 0 0 5 5 5 0 0 0 0 5 10 15 10 15 
-10 -30 -35 -30 -30 -20 -20 -30 -30 -20 -5 10 15 20 15 20 15 5 0 -5 -10 -5 -5 -5 -10 -10 -5 -10 -5 0 5 5 5 5 0 0 0 0 5 5 10 
-20 -30 -25 -20 -20 -20 -25 -25 -10 -15 -10 5 10 10 5 5 5 5 5 5 10 15 10 10 5 0 0 -5 -5 -5 0 0 5 5 5 5 0 0 0 0 0 
-10 -10 -5 -5 -10 -25 -30 -15 -5 5 5 10 10 5 0 -5 0 10 5 10 15 10 10 10 15 10 5 10 5 0 -5 0 -5 -5 0 0 5 5 5 5 5 
5 10 10 10 0 -15 -10 0 0 -5 -15 -10 5 10 0 -10 0 0 0 5 0 -5 -5 -5 0 5 5 5 5 0 -5 -5 -5 -5 -5 -5 5 5 5 5 5 
10 25 30 30 15 0 5 5 0 -15 -20 -15 0 5 0 0 -5 -5 -5 -5 -5 -5 0 -5 -10 -10 -5 0 0 -5 0 -5 0 0 0 0 0 0 0 0 0 
15 30 35 25 10 0 0 0 -10 -5 0 -5 0 -5 0 5 0 0 0 -5 0 5 5 5 0 -10 -10 -5 -5 -5 0 0 0 0 0 5 0 0 0 0 0 
15 15 15 10 0 0 -5 -5 -10 -5 0 0 0 0 0 0 5 0 5 5 5 5 5 10 10 10 0 -5 -5 0 -5 0 0 0 0 5 0 0 0 0 0 