diamond 4 2012年4月10日21时云顶黑体亮温梯度分析

2012 4 10 21 0 0 

0.1 -0.1 114 118 42 38 41 41

10 -60 60 1 0 


55 55 30 15 20 35 35 50 35 35 70.00001 90.00001 75.00001 55 50 60 55 30 5 5 20 20 15 5 5 20 15 5 -5 5 15 10 5 -10 -5 15 15 5 -5 -10 -5 
55 35 20 20 35 35 40 40 45 75.00001 100 80.00001 55 45 70.00001 65.00001 35 10 0 5 5 5 5 5 25 20 -10 -20 -10 5 0 -10 -5 0 20 20 15 0 -10 -5 -15 
25 15 20 30 35 35 45 50 85.00001 105 95.00001 55 35 55 75.00001 45 0 -10 -5 -5 0 0 -5 15 20 -15 -35 -20 -5 -5 -10 -5 0 10 15 15 10 -5 0 -5 -10 
10 10 25 30 35 40 50 90.00001 120 115 65.00001 30 30 45 35 -5 -30 -20 -15 -10 0 -10 5 15 -5 -25 -20 -10 -10 -10 -5 -5 5 10 10 5 -10 -10 5 10 10 
10 15 25 40 40 40 75.00001 120 130 80.00001 20 10 10 10 0 -25 -35 -25 -20 -5 0 0 10 0 -5 -5 -15 -20 -15 0 0 10 15 5 0 -20 -25 -10 10 20 15 
20 20 40 45 30 45 95.00001 115 80.00001 0 -25 -10 0 0 -5 -20 -20 -15 -10 10 10 15 15 10 0 -15 -25 -25 -5 5 5 10 0 -10 -15 -25 -15 -5 20 25 0 
25 25 40 30 30 65.00001 85.00001 60 0 -45 -35 -5 10 10 10 5 0 -5 10 25 30 35 30 5 -15 -20 -25 -15 -5 -5 -5 -5 -15 -10 -5 -5 -5 15 30 20 -10 
15 25 35 35 45 75.00001 60 20 -20 -30 -15 15 20 10 15 10 5 15 30 45 45 30 0 -30 -30 -20 -15 -10 -10 -5 -10 -5 -5 5 5 5 15 25 25 30 10 
10 35 40 45 65.00001 75.00001 40 10 5 -5 10 15 -5 -5 5 5 15 25 40 50 20 -5 -25 -30 -15 -5 -5 0 0 -10 -5 -5 0 5 10 15 15 15 35 40 20 
20 35 45 55 70.00001 60 35 20 10 10 10 -15 -20 -5 -5 0 10 20 30 20 0 -5 -15 -15 0 5 5 0 -5 -5 -5 0 10 10 15 15 10 20 40 50 60 
20 40 60 65.00001 70.00001 60 25 10 5 5 -15 -30 -15 -5 -10 -5 10 10 10 0 -5 -15 -15 5 35 30 0 0 5 0 0 20 20 25 25 15 15 30 55 75.00001 80.00001 
30 55 60 70.00001 70.00001 45 15 10 5 0 -20 -25 0 5 -5 10 15 -5 -10 -15 -20 -15 0 50 75.00001 20 -15 0 5 0 10 25 20 20 15 5 20 40 55 50 25 
30 40 55 75.00001 50 15 10 10 10 10 -15 -10 10 5 0 15 0 -5 -5 -10 5 20 30 55 30 -40 -40 -5 5 0 10 10 10 15 10 10 25 35 35 15 -20 
20 25 55 40 5 -5 10 10 15 10 -5 5 0 -10 -5 5 15 20 5 20 60 30 -10 -25 -55 -80.00001 -35 10 5 5 10 10 20 25 30 25 30 50 55 35 25 
0 15 25 0 -10 5 10 5 10 5 -5 -20 -20 0 10 20 30 15 10 40 40 -25 -55 -40 -40 -25 15 15 5 10 5 10 25 50 45 35 60 85.00001 85.00001 70.00001 70.00001 
-5 5 0 0 10 15 5 0 -5 -15 -25 -25 5 20 20 20 15 10 5 30 25 -5 -10 5 15 35 35 5 0 0 -5 10 40 60 50 60 75.00001 90.00001 75.00001 55 45 
0 0 10 25 25 10 -5 -15 -15 -20 -25 -10 5 15 20 10 10 -5 0 45 45 5 -30 -5 25 35 25 15 15 0 -10 20 65.00001 65.00001 60 60 70.00001 70.00001 45 30 25 
0 10 30 40 10 -15 -25 -15 -10 -20 -10 0 5 30 30 15 -5 -25 10 30 -15 -80.00001 -80.00001 -15 20 35 40 30 -5 -30 5 75.00001 70.00001 40 55 65.00001 60 40 25 20 20 
0 25 50 20 -25 -25 -5 10 0 0 10 5 15 30 10 -10 -30 -25 -10 -30 -70.00001 -90.00001 -40 20 40 35 20 -25 -45 -15 55 55 10 35 75.00001 60 30 15 15 15 10 
5 30 25 -25 -25 5 25 25 25 20 5 0 10 5 -5 -15 -35 -30 -20 -20 -30 -25 15 45 40 20 -5 -15 -10 5 45 40 50 75.00001 80.00001 45 15 15 15 5 0 
5 10 -10 -15 5 20 25 25 15 -5 -5 5 20 20 30 20 0 -10 10 35 40 25 25 35 25 35 45 45 5 30 90.00001 105 75.00001 65.00001 60 30 10 15 10 5 0 
-20 -20 -5 0 5 15 20 15 10 10 10 25 35 45 70.00001 70.00001 30 5 45 75.00001 40 -5 0 30 60 95.00001 95.00001 35 -5 65.00001 125 90.00001 35 45 45 20 10 15 10 0 -5 
-40 -25 -5 -5 5 5 20 40 30 10 10 35 40 55 95.00001 75.00001 -5 -25 45 50 -15 -5 50 105 140 135 60 -15 20 95.00001 90.00001 35 25 40 30 10 5 5 0 -10 -5 
-20 0 0 0 -5 10 35 30 -5 5 45 70.00001 55 60 90.00001 30 -50 -20 10 -25 -15 75.00001 130 145 120 65.00001 -10 5 60 75.00001 40 25 25 20 10 0 0 0 -10 -20 -20 
5 10 5 10 15 40 50 15 0 40 85.00001 75.00001 40 70.00001 85.00001 15 -45 -50 -65.00001 -45 60 120 100 60 40 10 0 50 65.00001 40 20 10 0 5 0 -5 0 -5 -20 -15 -5 
10 5 10 30 50 55 25 -20 10 70.00001 75.00001 45 35 75.00001 65.00001 -5 -60 -95.00001 -75.00001 5 100 85.00001 35 10 15 -5 30 50 35 10 0 -5 0 5 0 5 5 -5 -5 5 10 
15 20 35 40 30 10 -20 -10 45 65.00001 40 10 15 40 15 -40 -75.00001 -80.00001 -30 45 70.00001 40 10 0 -10 -20 5 15 20 5 5 0 5 15 10 10 0 0 0 0 -5 
35 35 35 25 10 -5 -5 30 50 45 10 -10 10 20 5 -20 -35 -30 0 40 50 55 30 -10 -45 -30 10 40 20 5 0 -10 0 5 5 0 -5 0 -5 -10 -25 
25 15 20 10 -5 0 25 40 30 5 -25 -15 5 25 5 -30 -35 -35 5 50 70.00001 70.00001 5 -50 -30 50 80.00001 50 15 10 -10 -20 0 10 5 -5 0 0 -5 -15 -10 
-10 5 10 -10 -15 5 25 15 -10 -30 -30 -10 30 40 -30 -60 -50 -45 20 65.00001 80.00001 50 -10 -5 90.00001 120 55 5 10 -5 -20 -10 20 15 5 0 -5 -5 -5 0 10 
-5 10 0 -10 -5 5 10 -5 -20 -20 -5 25 60 30 -55 -40 -30 -20 40 60 55 40 30 75.00001 115 50 -10 -10 -5 -25 -25 10 25 10 0 -10 -15 0 0 0 5 
10 15 10 5 -5 -15 -15 -20 -35 -50 -20 20 40 -5 -45 5 0 5 30 30 40 45 35 60 50 5 -20 -25 -35 -35 0 40 20 5 0 -15 -15 5 -10 0 10 
25 35 25 -5 -40 -45 -35 -30 -65.00001 -50 15 25 30 5 -5 20 10 30 40 35 35 20 -5 -5 -15 -40 -65.00001 -65.00001 -50 10 65.00001 45 10 10 0 -20 10 15 0 20 15 
60 45 -5 -55 -65.00001 -50 -5 -5 -35 15 50 35 50 5 -15 15 35 45 10 -15 -5 -10 -50 -65.00001 -70.00001 -55 -40 -15 50 95.00001 65.00001 15 0 -5 -10 5 25 0 10 20 5 
5 -25 -40 -45 -55 -35 15 0 5 50 45 35 40 -5 0 20 30 0 -60 -50 5 -25 -80.00001 -65.00001 -20 30 40 65.00001 85.00001 55 25 0 -20 -15 10 15 5 0 15 10 0 
-55 -35 -10 -40 -75.00001 -20 35 30 35 40 30 40 40 20 25 30 35 -25 -55 5 10 -50 -50 -5 50 60 45 45 30 30 15 -15 -15 15 30 20 5 5 10 0 5 
-45 -15 -5 -55 -55 30 60 35 15 15 20 35 55 65.00001 55 60 45 -25 -15 0 -45 -30 -5 45 90.00001 55 45 40 30 20 -5 -10 10 30 25 15 5 5 0 5 10 
-40 -15 -25 -65.00001 -25 50 55 20 10 30 35 60 100 75.00001 55 60 5 -40 -10 -40 -25 15 15 90.00001 110 65.00001 60 35 20 5 -5 10 20 20 15 10 0 0 0 5 0 
-40 -15 -35 -55 5 50 45 25 40 55 50 85.00001 60 10 35 15 -45 -35 -15 -25 30 40 45 100 85.00001 55 30 15 10 0 5 15 15 10 5 0 0 0 0 0 0 
-5 -5 -30 -15 30 55 50 50 70.00001 65.00001 65.00001 45 -25 25 40 -30 -60 -20 5 20 65.00001 55 35 70.00001 80.00001 40 10 10 0 0 5 5 5 0 0 0 0 0 0 0 5 
-20 -10 10 25 50 65.00001 70.00001 70.00001 70.00001 50 15 -40 5 65.00001 -5 -55 -30 15 40 50 85.00001 45 40 95.00001 85.00001 30 10 0 0 0 0 0 0 0 0 0 0 0 0 5 5 